                    NaN	                    NaN	                    NaN	                    NaN	                    NaN	                    NaN	                    NaN	                    NaN	 1.233518544033702E+000	 
                    NaN	                    NaN	                    NaN	                    NaN	                    NaN	                    NaN	                    NaN	                    NaN	 1.688613905223141E+000	 
 2.004217924434890E+000	                    NaN	                    NaN	                    NaN	                    NaN	                    NaN	                    NaN	                    NaN	 2.441107913215191E-001	 
 2.115976445919999E+000	                    NaN	                    NaN	                    NaN	 1.313053682251171E+000	                    NaN	                    NaN	                    NaN	 3.232960152207386E-002	 
 8.595575213773378E-002	                    NaN	                    NaN	                    NaN	 5.584329458432342E-001	                    NaN	                    NaN	                    NaN	 8.111229824315775E-003	 
 3.359703873880293E-002	 1.274940841977576E-001	                    NaN	                    NaN	 1.366207886061341E-001	 1.646252248366365E-001	                    NaN	                    NaN	 2.199370378909417E-003	 
 6.181886155860994E-003	 1.131982740799573E-003	 2.248434368294408E-002	                    NaN	 1.444097028034276E-002	 1.220523760104542E-002	                    NaN	                    NaN	 5.181173814718052E-004	 
 1.005854183138687E-003	 1.114037304796110E-005	 1.996317290969308E-006	                    NaN	 1.004078333291968E-003	 6.607470096626993E-004	 2.355035492641758E-004	                    NaN	 1.070841185607019E-004	 
 1.587680089530527E-004	 1.623479522348549E-007	 1.161939911595710E-009	 2.192490227265855E-010	 4.483828118886955E-004	 4.988979816205191E-005	 2.829171336080515E-006	                    NaN	 1.913809857504799E-005	 
 2.529669853054525E-005	 2.949081338182411E-009	 1.121937423050198E-010	 1.248013055638637E-010	 1.892226145941590E-004	 4.348132376105443E-006	 7.389879184366954E-008	 2.451579964523000E-007	 3.093137457789878E-006	 
 3.919421291639053E-006	 1.045852338955836E-010	 1.151703720398945E-010	 1.193101187687437E-010	 6.323335432632308E-005	 3.330193875713906E-007	 8.739859074611760E-009	 2.091551496970156E-008	 4.646495238364917E-007	 
 5.976855974767569E-007	 1.389055094936956E-010	 1.319250487861285E-010	 1.203019746852668E-010	 1.806853948004919E-005	 1.581144427264299E-008	 1.132411121535005E-009	 1.312853929205794E-009	 6.671258469362522E-008	 
 8.863370085818182E-008	 1.376505289623001E-010	 1.081196453696615E-010	 1.111859748532626E-010	 4.228980262383998E-006	 1.866714144184886E-009	 1.878596503492749E-010	 1.587938396214562E-010	 9.718993609492110E-009	 
 1.228451854481814E-008	 8.347445539038415E-011	 9.640172311085003E-011	 1.243814690278561E-010	 8.438168149403399E-007	 3.305036464936987E-010	 1.262679253596626E-010	 1.247542775672527E-010	 5.284529829800345E-010	 
 1.682687496689946E-009	 6.204494190324656E-010	 1.285067677801573E-010	 1.589286653823400E-010	 1.490458517690311E-007	 1.125075159144597E-010	 1.197618635794385E-010	 1.322188189902369E-010	 4.151227853258821E-010	 
 3.240256345684003E-010	 5.319617601559508E-010	 1.494152564228902E-010	 1.716210632720826E-010	 2.421047658906740E-008	 2.689065869960521E-010	 1.285161163810087E-010	 1.562021291654520E-010	 1.318583034750505E-009	 
 
