 8.571428571428571E+000	 3.000000000000000E+001	 6.000000000000000E+001	 6.000000000000000E+001	 8.571428571428571E+000	 3.000000000000000E+001	 6.000000000000000E+001	 6.000000000000000E+001	 2.307692307692307E+000	 
 5.454545454545454E+000	 2.000000000000000E+001	 6.000000000000000E+001	 6.000000000000000E+001	 5.454545454545454E+000	 2.000000000000000E+001	 6.000000000000000E+001	 6.000000000000000E+001	 1.428571428571429E+000	 
 3.333333333333333E+000	 1.200000000000000E+001	 3.000000000000000E+001	 6.000000000000000E+001	 3.333333333333333E+000	 1.200000000000000E+001	 3.000000000000000E+001	 6.000000000000000E+001	 8.695652173913043E-001	 
 2.068965517241379E+000	 7.500000000000000E+000	 3.000000000000000E+001	 6.000000000000000E+001	 2.068965517241379E+000	 7.500000000000000E+000	 3.000000000000000E+001	 6.000000000000000E+001	 5.217391304347826E-001	 
 1.250000000000000E+000	 5.000000000000000E+000	 2.000000000000000E+001	 6.000000000000000E+001	 1.250000000000000E+000	 5.000000000000000E+000	 2.000000000000000E+001	 6.000000000000000E+001	 3.157894736842105E-001	 
 7.594936708860760E-001	 3.000000000000000E+000	 1.200000000000000E+001	 3.000000000000000E+001	 7.594936708860760E-001	 3.000000000000000E+000	 1.200000000000000E+001	 3.000000000000000E+001	 1.904761904761905E-001	 
 4.580152671755725E-001	 1.818181818181818E+000	 6.666666666666667E+000	 2.000000000000000E+001	 4.580152671755725E-001	 1.818181818181818E+000	 6.666666666666667E+000	 2.000000000000000E+001	 1.147227533460803E-001	 
 2.764976958525346E-001	 1.090909090909091E+000	 4.285714285714286E+000	 1.500000000000000E+001	 2.764976958525346E-001	 1.090909090909091E+000	 4.285714285714286E+000	 1.500000000000000E+001	 6.912442396313365E-002	 
 1.662049861495845E-001	 6.593406593406593E-001	 2.608695652173913E+000	 1.000000000000000E+001	 1.662049861495845E-001	 6.593406593406593E-001	 2.608695652173913E+000	 1.000000000000000E+001	 4.163775156141569E-002	 
 1.003344481605351E-001	 4.000000000000000E-001	 1.578947368421053E+000	 6.000000000000000E+000	 1.003344481605351E-001	 4.000000000000000E-001	 1.578947368421053E+000	 6.000000000000000E+000	 2.509410288582183E-002	 
 6.042296072507553E-002	 2.409638554216867E-001	 9.523809523809523E-001	 3.750000000000000E+000	 6.042296072507553E-002	 2.409638554216867E-001	 9.523809523809523E-001	 3.750000000000000E+000	 1.511715797430083E-002	 
 3.642987249544627E-002	 1.456310679611650E-001	 5.825242718446602E-001	 2.307692307692307E+000	 3.642987249544627E-002	 1.456310679611650E-001	 5.825242718446602E-001	 2.307692307692307E+000	 9.107468123861567E-003	 
 2.194586686174104E-002	 8.771929824561403E-002	 3.508771929824561E-001	 1.395348837209302E+000	 2.194586686174104E-002	 8.771929824561403E-002	 3.508771929824561E-001	 1.395348837209302E+000	 5.487470276202670E-003	 
 1.322168356104011E-002	 5.286343612334802E-002	 2.112676056338028E-001	 8.450704225352113E-001	 1.322168356104011E-002	 5.286343612334802E-002	 2.112676056338028E-001	 8.450704225352113E-001	 3.305967270924018E-003	 
 7.967069446288673E-003	 3.186404673393521E-002	 1.273885350318471E-001	 5.084745762711864E-001	 7.967069446288673E-003	 3.186404673393521E-002	 1.273885350318471E-001	 5.084745762711864E-001	 1.991767361572168E-003	 
 4.799616030717543E-003	 1.919385796545105E-002	 7.672634271099744E-002	 3.061224489795918E-001	 4.799616030717543E-003	 1.919385796545105E-002	 7.672634271099744E-002	 3.061224489795918E-001	 1.199976000479990E-003	 
 
