 7.000000000000000E+000	 2.000000000000000E+000	 1.000000000000000E+000	 1.000000000000000E+000	 7.000000000000000E+000	 2.000000000000000E+000	 1.000000000000000E+000	 1.000000000000000E+000	 2.600000000000000E+001	 
 1.100000000000000E+001	 3.000000000000000E+000	 1.000000000000000E+000	 1.000000000000000E+000	 1.100000000000000E+001	 3.000000000000000E+000	 1.000000000000000E+000	 1.000000000000000E+000	 4.200000000000000E+001	 
 1.800000000000000E+001	 5.000000000000000E+000	 2.000000000000000E+000	 1.000000000000000E+000	 1.800000000000000E+001	 5.000000000000000E+000	 2.000000000000000E+000	 1.000000000000000E+000	 6.900000000000000E+001	 
 2.900000000000000E+001	 8.000000000000000E+000	 2.000000000000000E+000	 1.000000000000000E+000	 2.900000000000000E+001	 8.000000000000000E+000	 2.000000000000000E+000	 1.000000000000000E+000	 1.150000000000000E+002	 
 4.800000000000000E+001	 1.200000000000000E+001	 3.000000000000000E+000	 1.000000000000000E+000	 4.800000000000000E+001	 1.200000000000000E+001	 3.000000000000000E+000	 1.000000000000000E+000	 1.900000000000000E+002	 
 7.900000000000000E+001	 2.000000000000000E+001	 5.000000000000000E+000	 2.000000000000000E+000	 7.900000000000000E+001	 2.000000000000000E+001	 5.000000000000000E+000	 2.000000000000000E+000	 3.150000000000000E+002	 
 1.310000000000000E+002	 3.300000000000000E+001	 9.000000000000000E+000	 3.000000000000000E+000	 1.310000000000000E+002	 3.300000000000000E+001	 9.000000000000000E+000	 3.000000000000000E+000	 5.230000000000000E+002	 
 2.170000000000000E+002	 5.500000000000000E+001	 1.400000000000000E+001	 4.000000000000000E+000	 2.170000000000000E+002	 5.500000000000000E+001	 1.400000000000000E+001	 4.000000000000000E+000	 8.680000000000000E+002	 
 3.610000000000000E+002	 9.100000000000000E+001	 2.300000000000000E+001	 6.000000000000000E+000	 3.610000000000000E+002	 9.100000000000000E+001	 2.300000000000000E+001	 6.000000000000000E+000	 1.441000000000000E+003	 
 5.980000000000000E+002	 1.500000000000000E+002	 3.800000000000000E+001	 1.000000000000000E+001	 5.980000000000000E+002	 1.500000000000000E+002	 3.800000000000000E+001	 1.000000000000000E+001	 2.391000000000000E+003	 
 9.930000000000000E+002	 2.490000000000000E+002	 6.300000000000000E+001	 1.600000000000000E+001	 9.930000000000000E+002	 2.490000000000000E+002	 6.300000000000000E+001	 1.600000000000000E+001	 3.969000000000000E+003	 
 1.647000000000000E+003	 4.120000000000000E+002	 1.030000000000000E+002	 2.600000000000000E+001	 1.647000000000000E+003	 4.120000000000000E+002	 1.030000000000000E+002	 2.600000000000000E+001	 6.588000000000000E+003	 
 2.734000000000000E+003	 6.840000000000000E+002	 1.710000000000000E+002	 4.300000000000000E+001	 2.734000000000000E+003	 6.840000000000000E+002	 1.710000000000000E+002	 4.300000000000000E+001	 1.093400000000000E+004	 
 4.538000000000000E+003	 1.135000000000000E+003	 2.840000000000000E+002	 7.100000000000000E+001	 4.538000000000000E+003	 1.135000000000000E+003	 2.840000000000000E+002	 7.100000000000000E+001	 1.814900000000000E+004	 
 7.531000000000000E+003	 1.883000000000000E+003	 4.710000000000000E+002	 1.180000000000000E+002	 7.531000000000000E+003	 1.883000000000000E+003	 4.710000000000000E+002	 1.180000000000000E+002	 3.012400000000000E+004	 
 1.250100000000000E+004	 3.126000000000000E+003	 7.820000000000000E+002	 1.960000000000000E+002	 1.250100000000000E+004	 3.126000000000000E+003	 7.820000000000000E+002	 1.960000000000000E+002	 5.000100000000000E+004	 
 
