-3.520691363167593E-014	 0.000000000000000E+000
 9.821986486239793E+001	-6.730527187381701E-012
-1.092754330597986E-012	 1.470680445192825E+002
 1.000944289885337E+001	-1.602585805864906E-011
-8.608149085897809E-012	-1.431663948560974E+001
 1.925748281615664E+002	-1.151839035580845E-011
 6.073582720499592E-012	-3.581694487610001E+001
 1.821727875192558E+002	 2.616864554547086E-011
-3.195086576270836E-011	 6.377745734624833E+001
-1.020767525548654E+002	 2.996799745089995E-011
-7.075524372204747E-012	-6.672423013470170E+002
-2.991544573133441E+002	 6.926958119774039E-011
 6.489138767081711E-011	-5.737147205010442E+001
 8.705798013922113E+001	 7.459851604384448E-011
 7.639766193542254E-011	-5.504284219486657E+000
 2.793534589120891E+002	 1.145684487769958E-011
 2.084598120704087E-011	 1.015005599598047E+002
-9.653459115570720E+001	-8.563472905223943E-011
 4.337048428744896E-011	-2.278476555869006E+002
-2.787893564133863E+001	-5.761196254587550E-011
 9.056288764848775E-012	 4.646609642933587E+001
 1.555190758724714E+002	-3.295073972399155E-011
-4.224820340441701E-011	-4.214995874978078E+001
-3.076395657571146E+001	-6.861623440272616E-012
-4.278484184587649E-011	 4.711900105978265E+001
-1.082704309248675E+002	-3.622854819577760E-012
 3.056702947033407E-012	-4.108515942685028E+000
 6.101066996459111E+000	 1.131877135588627E-011
 6.959865698997152E-012	 2.238124332422699E+001
 2.690079494120194E+001	 9.635264723187395E-012
-1.509635017159454E-012	-3.815746535431456E+000
-1.539938210445334E+001	 2.505890163765025E-012
-1.175462251077856E-012	 2.004239627915990E+001
-7.980486312222078E+000	-6.500888627678023E-012
 3.757251649738727E-012	-1.123661140167608E+001
 1.039100973459227E+001	 7.231962626556164E-014
-1.642977897947393E-012	-4.912490534068546E+000
 1.618239022827324E+000	 2.976967488695874E-012
-2.628803232269987E-012	 8.970409284392781E-001
-3.741505284488254E+000	 1.272488131160979E-012
-1.761789826258931E-013	 4.205520577770958E+000
 3.191814428342123E-001	-7.329753322902450E-013
 1.576116537547619E-012	-3.845053424663445E+000
 1.388085093421551E+000	 8.086584083243309E-013
 4.806937075559283E-013	 3.616293227458302E-001
 1.247248381348730E-001	 3.114830636365134E-013
-1.275800881777761E-014	 1.114110441263440E+000
-4.077286608309858E-002	-5.863618049539846E-013
-4.554708009224028E-014	 6.266378483957546E-002
-8.397633378615793E-002	-4.984243572889476E-013
 1.159479698683121E-013	-9.125091389168682E-001
-3.092310920491571E-002	 1.940337895027933E-013
-8.669145507455626E-014	 3.500725187623864E-001
 5.624590211590721E-002	 8.271446982504302E-014
-1.094082146596964E-013	 1.461598308964456E-001
-5.769092655242283E-002	-5.996784543025894E-014
-4.696038477886902E-015	-7.827679098574493E-002
-8.681423284887593E-002	-1.479759164850679E-014
 7.178457056910115E-014	-7.865091058911772E-002
 4.585449335237723E-002	 5.263601474598906E-014
-4.239153353846391E-015	 8.466266488291785E-002
 3.955175852962524E-002	-8.882729283732558E-015
-2.689023375262284E-014	-1.108036933020779E-002
-2.946654158333473E-002	-1.968505577154786E-014
 3.411757751777854E-016	-1.361860660639250E-002
-1.077018324664817E-002	-7.352676184330578E-016
 1.064653447111229E-014	-4.477980170278222E-003
 1.813227439302928E-002	 1.088613854730022E-014
-6.673276389418733E-015	 9.121500886224192E-003
 2.229016015298204E-004	 4.878842003173706E-016
-3.638617782745019E-015	-2.163416243584001E-003
-8.012295024036709E-003	-1.944496075650689E-015
 3.881119924641304E-015	 7.302079165009928E-004
 1.930930594961543E-003	-3.880897266475589E-016
 2.316452137546024E-015	-1.424668586106254E-003
 3.171474370330567E-003	 1.289127035826662E-015
-1.753435001989141E-015	 8.248363066538449E-004
-1.440226952659281E-003	-4.982813635532130E-016
-4.266969840088164E-016	 1.632765610601592E-004
-8.840815379830022E-004	-6.566025741048190E-016
 6.166341235165118E-016	-1.021678398985678E-004
 6.657295882000300E-004	 4.721894121550937E-017
 5.112676807874433E-017	-4.846896422832862E-004
 1.521391586911777E-004	 4.317460814039614E-016
-3.513696723471314E-016	 3.456347419580575E-004
-2.805226186916348E-004	-7.550143985313083E-017
 6.377504422749989E-017	 7.542386176246602E-005
 2.172062475485289E-006	-1.667911667597781E-016
 1.354702975051315E-016	-1.209025187521718E-004
 8.490741116795962E-005	 3.946999282145787E-017
-2.468544596706060E-017	-4.720573465321753E-005
-5.420171903625358E-006	 5.982644246632190E-017
-4.738501468417294E-017	 9.146952562224578E-005
-2.101566116178187E-005	-1.653243187557402E-017
 1.097287493624594E-018	-1.656703894669391E-005
 3.636238166232061E-007	-5.423329153890009E-018
 3.046771328584961E-017	-2.630914258012787E-005
 4.150933556696634E-006	 2.319435354294661E-017
 2.789569931974718E-017	 7.505862011462084E-006
 2.941148154945875E-006	-5.746761014754033E-018
-2.410425660659244E-017	 1.280405081439838E-005
-2.211021812752720E-006	-1.897630757528441E-017
-2.237147756620781E-017	-7.610607315914328E-006
-2.125553827430410E-006	-8.265284862709626E-018
 1.394356179432033E-017	-1.850449963638080E-006
 1.640651632088793E-006	 8.780719307546759E-018
 2.877313007262215E-017	 2.244952025775543E-006
 1.110664474688863E-006	-1.478076960312684E-017
-8.684979192937492E-019	 6.598017767077004E-007
-1.173236987917978E-006	-5.881959152707247E-018
 2.323930433202213E-018	-1.184716693297387E-006
-3.140803698391332E-007	-1.116503724408268E-017
-9.492120140185373E-018	 1.591965162734149E-007
 6.164585791918965E-007	 3.431269050135436E-018
 3.666562639418838E-019	 2.134691219722174E-007
 1.509366625622920E-008	-8.458923940799133E-019
-9.689957769029824E-018	 1.706359135809467E-008
-2.822771913791453E-007	-6.520217188095968E-019
 5.410480158203340E-018	-9.967603139426132E-008
 6.230098966230120E-008	 9.230398196859500E-019
 1.740384906092932E-017	 1.503610714911291E-008
 1.025831504036325E-007	-8.689501823082725E-018
 1.026136348018114E-017	 9.658734921221104E-009
-4.623663219514068E-008	-2.073301561311687E-017
-8.937627058523843E-018	 1.728375817698496E-008
-3.152576068475232E-008	-7.212048877062979E-018
 5.372915464800026E-018	-1.501183935020634E-008
 2.413089937042211E-008	 4.828014533560170E-018
-1.023688844584732E-019	-4.392811939826615E-009
 6.381857281101729E-009	 1.486491610871814E-018
 2.141797144694331E-018	 5.777998631789790E-009
-9.414804797369184E-009	-5.026272184385150E-018
 1.767865795255611E-018	 3.750014122831252E-009
-5.869174416517774E-010	-1.763637772252159E-018
-1.666240812929798E-018	-4.993847846207656E-009
 3.216439827083594E-009	-3.835482852671555E-018
-1.549782722815560E-017	-1.325237909523004E-010
-2.874586145263140E-010	-2.907466323450573E-018
 8.727649347508199E-019	 1.923232981753659E-009
-8.748609754568832E-010	 1.161799782342039E-017
 2.301953359989175E-018	-9.435008713235897E-011
 9.028877257791557E-011	-8.598939515221325E-018
 1.651215909090251E-019	-9.701207007334393E-010
 2.455887663900709E-010	-8.808104528820072E-018
-4.049852493164980E-018	 3.443021629036253E-010
 9.510889223645870E-012	-1.234945622641561E-018
 3.451875132394794E-018	 2.661375853782280E-010
-8.109460822333521E-011	 5.706407774174258E-018
-1.228380106630467E-017	-1.561287409815495E-010
-3.383630916365682E-011	-1.964685261856320E-018
-6.256797553668751E-018	-9.165188160072103E-011
 4.699047114816785E-011	 3.428829019045867E-018
-5.963860177826838E-018	 8.796395670769058E-011
 1.729917294105758E-011	 3.748846749167486E-019
-3.071008756907908E-018	 8.713154610629508E-012
-2.739201656785799E-011	-1.571991036137788E-018
-1.384208410389625E-017	-2.701895857195535E-011
-5.523619697202029E-012	 1.943835861133222E-018
-3.271957012953584E-018	-1.431096064300072E-012
 1.501951540359737E-011	 3.653844869723484E-018
 5.833985501293914E-019	 1.053276382141718E-011
-4.402761981379533E-013	-8.128584132342918E-019
 8.460445430723006E-019	-1.803886507656425E-012
-6.631544023671245E-012	 3.516357200961325E-018
 9.021570069104909E-018	-2.245114151445362E-012
 1.484990097360523E-012	 2.066150059270478E-018
-1.562994822991653E-018	 7.721551381121769E-014
 2.551452817313142E-012	-3.348574225038959E-019
 3.390593777989927E-018	 9.309730188760448E-013
-1.161357456660224E-012	-6.355940421892134E-018
 8.728276255924690E-018	-5.363744104437058E-014
-7.685953278013024E-013	 7.810748657201359E-019
 1.797906310839768E-017	-2.554860999178674E-013
 5.912053110947853E-013	-5.769037436866912E-019
-2.198966142301046E-018	-1.146886664166739E-013
 1.817633479298671E-013	 1.899846662482712E-018
 2.237081168210193E-017	 1.917596630741018E-013
-2.515439046477418E-013	-5.520674848344582E-018
 2.976115327545407E-018	 2.251291355827776E-014
-1.810766304845015E-014	-7.662087781815419E-018
-6.675838730832514E-018	-8.607781644621352E-014
 8.680040240867184E-014	 6.554877396194496E-018
-3.950079799329185E-019	-8.804451338622132E-015
-5.695891717011639E-015	-2.317025894654323E-018
-1.048965306502464E-017	 4.905107558988888E-014
-2.713513985240206E-014	-1.383705211728853E-017
 3.731147433353878E-018	-8.604395315530470E-015
 4.421437265776910E-015	-1.128612863878173E-017
-6.021685627529663E-018	-1.803997362070865E-014
 7.557271177798424E-015	 5.326725196621360E-018
 5.856126543403367E-018	 5.975353351734622E-015
-9.848735964213093E-016	-7.626438104964024E-018
-3.942048244909063E-017	 7.059589260275369E-015
-2.536581614398290E-015	-4.576156740185918E-018
 4.233342956077365E-018	-4.253800753985314E-015
-2.778076529499498E-017	 1.226521358168193E-017
 8.736423987926354E-019	-1.709783251438038E-015
 1.069531491016316E-015	 4.173853604263872E-018
-1.650225708064987E-018	 1.780765645158391E-015
 1.518192113048489E-016	-2.887551499094897E-018
-1.566322653590024E-017	 3.962980710494862E-016
-5.833813222182437E-016	-6.084664346089574E-018
-2.807324243062427E-018	-7.768209764248133E-016
-4.041917148228340E-017	 1.190029044849739E-018
-1.568619181042232E-017	 2.106522695174406E-017
 2.895427752217853E-016	 1.265936505800268E-017
 1.231902448466233E-017	 2.293025826608768E-016
-4.026265303196798E-017	 1.642757230075422E-017
-1.736489246012930E-018	-9.199921870050288E-018
-1.305861825906859E-016	-4.186281795681705E-018
-1.270408929669857E-017	-6.534754142512895E-017
 4.238864256160956E-017	-3.270746467789988E-018
 6.754085403189989E-018	 1.569192122734094E-017
 2.998747849404096E-017	 5.624700073133086E-018
 6.596034161227875E-018	 2.039794076534228E-017
-3.506820576189236E-017	 4.122911705373566E-018
 2.040648978766542E-017	 3.803847877962754E-017
-4.952151710519735E-018	 6.506952670142593E-018
-1.489248383960087E-017	 4.314538066391313E-018
-8.100227078442558E-019	 1.053701278908206E-018
 2.261265139150055E-017	 1.859540060260688E-017
-1.657874126188646E-017	-1.408806317753384E-017
-3.202539372591558E-018	-7.032624753404931E-018
 2.467807239119000E-017	 4.009799132412008E-018
 1.110640368686330E-017	 1.424832892565483E-017
-1.114536315285145E-017	 1.705879327208299E-017
-2.006363031261900E-018	 8.555438388441450E-018
-1.669247432874376E-017	-7.274610220578160E-018
-2.131813766287983E-018	 1.753386469394990E-017
-6.782081104884695E-018	-1.206836459905230E-017
-1.632600724177598E-018	 7.409932427203872E-018
-1.905859299108934E-017	-8.642226472740114E-018
 2.953613630018910E-017	 1.555129955085528E-017
 1.614098230453663E-018	-4.979174382305692E-018
-4.345184697729683E-018	-3.165225214510359E-018
 2.608898895514654E-017	-2.991165824359944E-017
-2.572332855109077E-017	-1.982283017113055E-017
-1.493929250192204E-017	 7.659154125396002E-018
-6.364603132677057E-018	 1.360240616763328E-017
-4.247957546635644E-018	 1.604534113092974E-017
 2.631753602302270E-017	-5.168792320854979E-018
 9.959593109832766E-018	 1.759400428311675E-017
-7.513800438309358E-018	-1.652183161817870E-017
-1.149708237109979E-017	 2.179378688080453E-017
-1.789602364263753E-017	 3.573857408603640E-017
 1.013974398937829E-017	 6.000104628168831E-018
-2.301404813321379E-017	 1.300624280652248E-018
 1.898178080929207E-017	-5.536671883490452E-018
 7.492297274423309E-019	-3.749531849461909E-017
 1.200434561717104E-017	 2.032290279073692E-018
 8.186370736922718E-018	 8.474678252499905E-019
-1.628426889539103E-018	 9.791141043096310E-018
 5.334809567066109E-020	 7.573597868660510E-017
-7.300163801168993E-019	 3.285613657645265E-018
-5.091756837796757E-018	-1.689394913775247E-017
-3.284439731783875E-018	 6.744465773787612E-019
 6.028488118921545E-018	-4.423293465209515E-017
 2.177028936190886E-017	 6.096438112664102E-018
-1.729546578593579E-018	-6.309383530461266E-018
-4.013356045754379E-018	 3.221561175766256E-018
 2.480700087266073E-017	-3.436322175457499E-018
-5.500875666509426E-018	-3.185843652322832E-017
 1.609924219863199E-017	-6.866384681590635E-018
 1.752872749280700E-017	 5.854030990516662E-019
-1.224189531695598E-017	 4.822122467146634E-019
 2.274535545658872E-017	-4.274088037155036E-019
-3.929976752135513E-017	 8.693210617440334E-018
-7.716644589113537E-018	 1.202513283136874E-017
 1.367026650904591E-017	-4.018556898209760E-018
 2.364697603320081E-017	-1.307190553590713E-017
 3.486184921432890E-017	-6.458598731682442E-018
-1.083123558001321E-017	-6.387079931181430E-018
-2.768513091830398E-018	-4.714730914469903E-017
 2.580323090823687E-018	-1.353512730067623E-017
 1.581650541835741E-019	 1.446760233339646E-017
-1.900418937211054E-018	-7.923749500345262E-018
-7.345894236658603E-018	-1.714763907876029E-017
 3.152916799901927E-017	 7.708373332413705E-018
-5.202512147481099E-018	-6.127515170804414E-018
 1.492409324301250E-018	 9.472293203473236E-018
 1.391869489684738E-017	-2.260462182442408E-017
 7.135963816851219E-018	-3.371381436155263E-018
 7.135990885126966E-018	 1.441272507278835E-017
 3.486491756222038E-019	-1.731133539637695E-017
 2.425496498727200E-017	-6.566059072990938E-020
 8.137502081704554E-018	-1.676137079274634E-017
-1.333804942950082E-017	-3.737444440067461E-018
-1.362791082038756E-017	-1.148898970989355E-017
-4.382042709772018E-018	-2.611963243143972E-018
-1.497841362527086E-017	 2.423310219290132E-017
 1.347578874845379E-017	 3.298848344142158E-018
-2.825765277879255E-018	 3.015852530468793E-018
 7.140397800412243E-018	-1.694177685235989E-017
 1.345416205502691E-017	 2.900471347443736E-017
 3.363651412740717E-018	 3.045506808340991E-018
-3.447563071741735E-017	-1.965768344379116E-017
 6.573540785107553E-018	-4.324222509373206E-019
-3.387830744150743E-017	-1.880739592543188E-017
 9.514078042435322E-018	-1.248385697100059E-017
 1.478799611945141E-017	 3.630179899950863E-018
-3.403625183074595E-017	-1.341159444318379E-017
 1.375533015753840E-017	 3.286309498343775E-017
-4.716562579532160E-018	 1.472643994722416E-017
-2.200389494952929E-017	-3.894140480828476E-018
 7.616571198483801E-018	 1.724584154769045E-017
-1.605302497723281E-017	-2.461778160729356E-018
 3.415767583154634E-017	-2.953608148055531E-017
 1.444396898699525E-018	 4.193485093352748E-018
-8.904179424511463E-018	 1.530815313153060E-017
-6.260320681107290E-018	-9.967943624313671E-018
-7.852678197007275E-018	 1.047194959659353E-017
-9.120122624923046E-018	 1.746789771618055E-017
-2.713003333230608E-017	 3.165213611701337E-017
 1.358030515870499E-017	 1.237233794306333E-017
 1.641852151546399E-017	-9.299117722538598E-018
-6.987971952883959E-018	 2.629843367220191E-017
 6.992220037739904E-019	 1.302047474222456E-018
-4.212478990048829E-018	-1.024633227012289E-017
 2.183902280834430E-017	-1.577741396607407E-018
-4.797747042239631E-018	-3.085330877300501E-018
-1.804154810460439E-017	 5.454796961507819E-017
-1.060257818847674E-017	-8.712387083614988E-018
-2.302064911762468E-017	-3.229129017887006E-018
-5.525640307444960E-018	 1.184953610411688E-017
 5.152062183650915E-018	 8.844986751750624E-018
-5.013824393754916E-018	-5.142651057547378E-018
 1.784023367444867E-017	-1.476627349278259E-017
 1.407348984579550E-017	 1.404177236266872E-017
 1.763900818407607E-017	-8.618175122253227E-018
-3.456798997556744E-018	 6.788189372482338E-018
-5.919814450807957E-018	 6.543973039078990E-018
 7.647864263849510E-018	-1.903366409458083E-017
 3.023295210280164E-017	-1.192984909765726E-017
-3.219872182566169E-019	-1.547902705968969E-017
-8.884317819831624E-018	 3.852788948631278E-018
 2.540859643344118E-017	 1.316577578735529E-017
 2.232784022945534E-018	-1.642025482688270E-017
 8.231961302481711E-018	 2.208207322937107E-018
 5.749126158975078E-018	 1.410659508311897E-018
-1.536444672317859E-017	-1.955509898232685E-017
 4.565522178452110E-017	-3.341048652759227E-017
-2.545263780223979E-017	-1.569526526071612E-017
-1.745371922692437E-017	-6.146514648386117E-018
 1.086252403763728E-017	-8.010236461463420E-018
-4.673548607109907E-018	-6.753087829453547E-018
 2.355297379801106E-017	-5.384491267571887E-018
 9.074371785657762E-018	 1.298943886888676E-017
-2.832538680669663E-018	 2.190093313046031E-017
 2.198614866886271E-017	 5.460885136273889E-018
 8.138040799311258E-018	-4.419952494762132E-018
-1.098614049494724E-017	-2.540893122384236E-017
-2.318270181288255E-017	-1.599927006847396E-017
-4.761131631287552E-018	 3.946689323974490E-017
 2.595668209927699E-017	-5.448885513732967E-018
 1.376172718837291E-017	 1.138672720087225E-017
 5.161551465843357E-018	-5.101741942038749E-018
-1.100760873253332E-017	 4.020417057149590E-017
 4.096862394442032E-018	-3.946586413421996E-018
-6.006381311041629E-018	-1.299533975124438E-018
 1.670796357133119E-017	 1.994842902314828E-017
 1.960832785665780E-017	 1.134851106395513E-017
 1.917088056876103E-017	 3.307474971892006E-019
 7.753804502584439E-018	-1.440611302874270E-017
-3.834591373889176E-017	 8.567525211246410E-018
-2.948403568612595E-017	 7.064568954756315E-017
-1.973134702933758E-020	-3.747938210522622E-018
-2.192975831372610E-019	 1.150419256999936E-018
 3.587366247429643E-017	-5.341921245922448E-018
-4.638690736117299E-017	-1.923215780027955E-017
 5.667640196291224E-017	-4.807608884410848E-018
-2.245422804942460E-017	 4.462918686562328E-018
-3.894323813079421E-018	 7.065130317189831E-018
 8.283619904937129E-018	-1.537703686373991E-017
-2.059828916719727E-017	-2.237539591737118E-017
 5.217315024529015E-018	-6.875492041940129E-018
-3.075623993434503E-018	-8.945110425562049E-018
-3.781301149940261E-018	-2.192838513543491E-017
-9.011816787660655E-019	 2.297106628014037E-017
-1.739457271512137E-017	 3.608144632762617E-017
 1.099952144862770E-017	-4.915661472294151E-018
-2.969038438017726E-017	-1.794810211312909E-017
-2.507099452750966E-017	 3.648565129431839E-018
-8.039702164970925E-018	-4.090718989960331E-018
 1.054086512544023E-017	 2.962078152359796E-017
 4.173387131978204E-017	-9.844489838408042E-017
-2.357886336651557E-017	-3.767209445664712E-018
-1.189487428588804E-017	 9.354731661069778E-019
-7.231906138486336E-018	-1.137784685978094E-017
-3.219712489570946E-017	-1.261346854744884E-017
 5.148092843961198E-018	 2.008235955413752E-017
 7.782557802813694E-018	 2.917755725017949E-017
 2.912185390653896E-018	 1.404873193272841E-017
 3.075104001683659E-017	 5.077175214035601E-018
-2.318976732047462E-017	 4.992975006386673E-018
-1.120176841865720E-017	 1.318432500171267E-017
-9.783201002437551E-018	 1.166850407300163E-017
-9.854254436779470E-018	 5.669229561236075E-018
-6.360594972028149E-018	 1.059110365996404E-017
 9.403841310500266E-018	-1.142396836554091E-017
-1.267612060571483E-017	-1.252976122895649E-017
 1.619506544548541E-017	 1.043127710492669E-017
-1.794750050413628E-017	 8.067581644223357E-018
 3.021332526682405E-017	-7.411955393447651E-018
 8.741567629272682E-018	 1.677170037890307E-017
-1.138244501126707E-017	 3.206765486365146E-017
 3.396450453521476E-017	 2.579680958662270E-017
-1.444540548896875E-018	 2.038027459950320E-017
 1.652575371439392E-017	-2.400391543207236E-017
 3.769207994564863E-017	 5.319055012211339E-017
-2.576672085403022E-017	-7.048487049382256E-017
-2.492674932740848E-018	-1.231747884294303E-017
 7.279093587543720E-018	 9.661596685149338E-017
-9.168497578164598E-017	-1.386189178903693E-017
 7.659611799282945E-017	 6.269438993716841E-017
 4.243691705650425E-017	 1.698701835187420E-020
-1.448608276223264E-018	-3.807926935101634E-017
 1.843799774103316E-016	 3.141652592468653E-018
-1.665940563982783E-016	-2.211114237179203E-016
 1.303577515334598E-016	-6.531025258710649E-017
 3.652897093157506E-017	 3.339657143940320E-016
-1.742328500782592E-016	-4.786446916582167E-017
 1.750698112173936E-016	-5.984499674766453E-016
-4.173063467039440E-016	 2.580134335655233E-016
-3.492707752752106E-017	-3.930064758091468E-016
-3.201446118557799E-016	 2.925364635323653E-016
-2.453162907388302E-016	 5.509547090959868E-016
 3.211051376581958E-016	-7.528150382015046E-016
 5.765085670301701E-016	 3.118915677324924E-015
 3.451429404534053E-016	-7.947712474258303E-016
-1.036128424157733E-016	-2.820830747824197E-015
 6.390462892975707E-016	 1.179143484078452E-015
-1.442687014805359E-015	-2.031466663227122E-015
 2.192732642037431E-015	 1.494043168277766E-015
-1.867816636137150E-015	-1.725014339496237E-015
-9.970813724737776E-016	-1.777621464048569E-015
 3.022379732885242E-015	 4.823100214163582E-015
-1.350903383905599E-014	 1.934224382526148E-015
 3.863724687459467E-015	-8.086510008982747E-015
-6.789840868693044E-015	 5.948543600779243E-015
 6.396081040907195E-016	 2.032998150530966E-014
 2.507160622185063E-014	-6.137641686641094E-015
-7.656322400393785E-015	 1.157638880640443E-014
 2.146654783564579E-014	-1.796816617377248E-014
 4.931754929901064E-015	 7.674872419006498E-015
-2.415849103152826E-014	 1.553506630951463E-014
 2.802041282481839E-015	-8.228685709609650E-014
 1.039212697503094E-014	 3.273364803270742E-014
-8.608663135696819E-015	 6.382869079336746E-015
 2.133578456876075E-014	-1.240510093396334E-014
 9.050155667268848E-016	 9.788806465755254E-015
-1.309146438822525E-013	-4.746401499491819E-014
 1.164723167792237E-013	 2.119605428697075E-013
-7.936017418294361E-014	 1.299768485482934E-014
 2.209568396644676E-014	-9.665007230820032E-014
 4.684263467847702E-013	-4.583946997782884E-014
-2.022412230883983E-013	 4.558042352834216E-014
 4.199853526573226E-013	-1.414550584772097E-013
-1.721884122762630E-013	-3.715643287870072E-013
-4.701297968496734E-013	-2.518542306156031E-014
 3.273991544184331E-013	-6.776908004951316E-014
-7.032841060173439E-013	 3.838893386712098E-013
-1.284230628760237E-013	-1.438759477928029E-012
 5.819769481546179E-014	 1.179910407946589E-013
-4.244193418229119E-013	 1.510129112635835E-012
-5.765109525032242E-013	-7.098519546455199E-013
 2.565945430684581E-013	 1.960151726881329E-012
-2.683104755250931E-013	-1.063277694216803E-012
 5.242657975500748E-013	 9.197685833567846E-013
 2.300326876418964E-012	 8.833200418785587E-013
-3.424585783007112E-012	-8.784455834421583E-012
 2.655002507957103E-012	 1.600531002967562E-012
-2.325165149803996E-012	 1.928761870110107E-012
-6.640879667481352E-012	 6.474811573376498E-013
 3.648056819299479E-012	-6.498513291758287E-013
-1.382293010191422E-011	 2.035786046686166E-012
 6.611166152248938E-012	 4.960146748055220E-012
-7.525747732100432E-012	 8.417308125810436E-012
-3.135914446573819E-012	 1.936012407131523E-012
 1.954487629724710E-011	-1.864253703036687E-012
 2.062372314098842E-012	 5.654070485811086E-011
 2.451435608920611E-011	-1.236838291686683E-011
 5.707347509899907E-012	-1.411030156796705E-011
 5.503986488737235E-012	 1.417011135637861E-011
 2.633185082615041E-012	-4.475658452090512E-011
-5.922778917712476E-012	 5.268078668755844E-011
-1.694830857979487E-011	-5.012961975402566E-011
 1.197090069640621E-011	-1.520186721380537E-011
 4.937927532410614E-011	 2.018409598415952E-010
-1.025866685105389E-010	-6.277272004398018E-011
 8.982831736265947E-011	-1.226701724033405E-011
-2.605249395559915E-011	 9.252724539652148E-013
 2.707848580600146E-011	 5.088464119536265E-011
 3.946237205485638E-010	-3.781700775070998E-011
-1.276342977752538E-010	-1.098880892404795E-010
 5.019780413252308E-010	-3.003963997021323E-010
 4.745223718173482E-011	 3.837658645621937E-011
-3.076600509980879E-010	-1.047001464019904E-010
 1.835245395163152E-010	-1.124566454248385E-009
-3.286808025592672E-010	 2.634093230432009E-010
 1.084497898914937E-010	-2.460593297383237E-010
 3.124338159031397E-010	 1.077039130330255E-010
-3.866920345368367E-010	-3.811953572081637E-010
 5.897248393511818E-010	-5.465462060338504E-010
-2.313256566320472E-010	 2.069913203115583E-009
-9.096793179381723E-010	-5.783678210172373E-011
-5.069093834520023E-010	 2.617873674445713E-010
 6.827731134438418E-010	 2.885472849247786E-009
-5.567705145908725E-009	-4.354952833377613E-009
 2.971030892051800E-009	 4.171833647372208E-009
-1.386377162525484E-008	-2.713472055650501E-009
-1.465688562891074E-008	-2.400321702063356E-009
-2.003002633215054E-009	 1.833873565914231E-008
-4.448421298886591E-008	 1.028027070430912E-009
-1.475024588457983E-009	-1.836274665492582E-008
-1.450509610529266E-008	 2.161560955980924E-009
-1.377187388171408E-008	 2.715571620384120E-009
 2.994166323121516E-009	-4.108810927145572E-009
-5.521110043927999E-009	 4.342080432347564E-009
 6.772846128898198E-010	-2.908518790800874E-009
-4.835318983078471E-010	-2.684981813985526E-010
-9.071456917228486E-010	 9.985192364771140E-011
-2.377769068919195E-010	-2.073967727739135E-009
 5.890144594991733E-010	 4.682126712050118E-010
-4.518795857746127E-010	 3.867671973913125E-010
 3.097787588071808E-010	-2.964560080791933E-011
 1.518968041240165E-010	 2.516096027946652E-010
-3.277887116887557E-010	-2.835722718107568E-010
 2.137404925389412E-010	 1.122790223758024E-009
-3.062982431923332E-010	 1.149875387939841E-010
 5.270568162878834E-011	-4.156570264736742E-011
 5.026857868843644E-010	 2.712505456090411E-010
-1.365177376636327E-010	 1.101554652026504E-010
 3.934418922139310E-010	 4.383427395389923E-011
 3.526678250150630E-011	-5.099810273042122E-011
-2.702673539807225E-011	-1.571228299236271E-011
 7.996441775623284E-011	 1.172252410736966E-011
-1.030218976106178E-010	 7.257618003143433E-011
 4.655663952366786E-011	-2.013831232013921E-010
 1.236019394607239E-011	 1.502451589435076E-011
-1.482017390934439E-011	 5.076609034112258E-011
-5.665034439874734E-012	-5.027861609870399E-011
 6.085558633938463E-012	 4.452753534841498E-011
 5.543436481351431E-012	-1.864036704016646E-011
 3.465284378608996E-012	 1.384192739359395E-011
 2.443356151604711E-011	 1.395515025021650E-011
 1.770351317646199E-012	-5.650685491408706E-011
 1.953565598511654E-011	 5.315362015100154E-013
-3.723167568985549E-012	-1.847275952002641E-012
-7.608389077929489E-012	-7.770771957042615E-012
 6.372402822152275E-012	-4.945189696292292E-012
-1.383763365340970E-011	-1.911666016568352E-012
 3.482764308165908E-012	 6.856265911719777E-013
-6.584012929390391E-012	 1.393771907027314E-013
-1.780730778833327E-012	-1.918393248462681E-012
 2.693039873747041E-012	-2.161806114275521E-012
-3.463300964250290E-012	 8.764550393572432E-012
 2.278238093034018E-012	-8.132152068176846E-013
 4.996404955901218E-013	-9.369284676785849E-013
-2.763758170666507E-013	 1.003357635325780E-012
 1.972679507892904E-013	-1.959071977452650E-012
-5.738227459680558E-013	 7.923969723340400E-013
-4.191103696708874E-013	-1.505744127488362E-012
 5.661554420681755E-014	-1.834202827481276E-013
-1.649310110842230E-013	 1.443522936534444E-012
-7.050076436980312E-013	-2.844927920230299E-013
 3.848134574923161E-013	 6.776151882058715E-014
-4.650234433492671E-013	-3.647301716099452E-015
-1.620764573276075E-013	 3.690270087906741E-013
 4.212652470197886E-013	 1.320646259354926E-013
-2.070925429060759E-013	-4.690964508665535E-014
 4.664537667889483E-013	 2.575853166731102E-014
 1.249525732551110E-014	 9.710458643982203E-014
-8.053814254290581E-014	 2.342742639818057E-015
 1.212860644872512E-013	-2.120598017080067E-013
-1.305472555557774E-013	 3.965059820924443E-014
-5.720609910640298E-015	-9.581703641855377E-015
 2.137443842101928E-014	 1.896596404738657E-014
-6.565974133599689E-015	-5.928807869412885E-015
 1.052789750850816E-014	-3.387554994843035E-014
 5.565527466878132E-015	 8.228053745297089E-014
-2.403819341893800E-014	-1.492316456462117E-014
 5.774584127588799E-015	-7.997145779988803E-015
 2.144458718877002E-014	 1.497296571513051E-014
-9.915140813472573E-015	-1.158888344486247E-014
 2.496279045319068E-014	 7.560508604888482E-015
 9.737337637745382E-016	-2.023141446430372E-014
-6.794944841172063E-015	-6.491177159934480E-015
 3.770450579648026E-015	 8.117762474507389E-015
-1.351499918534516E-014	-1.355398765955216E-015
 2.941255797680095E-015	-4.859874662495938E-015
-9.571905915962024E-016	 1.724854448120391E-015
-1.847727701560199E-015	 1.728816141464154E-015
 2.167807203573529E-015	-1.294571286190411E-015
-1.145823752703944E-015	 2.036775508827849E-015
 6.423646220572517E-016	-1.526176299340388E-015
-2.110247889279769E-016	 2.805144835385947E-015
 3.291550460631374E-016	 9.207293700724949E-016
 5.005941465529647E-016	-3.120354389358987E-015
 3.160370589024691E-016	 7.324057477466207E-016
-2.435390708455386E-016	-5.192685641028316E-016
-3.368205132796498E-016	-2.773625218992806E-016
-2.383574536739105E-017	 4.120068966402633E-016
-4.344386617831053E-016	-2.651373243310229E-016
 1.660548686886163E-016	 5.766615958299815E-016
-2.041517596079286E-016	 7.811972469413250E-017
 4.464995424757514E-017	-3.237511916185584E-016
 1.533948300089541E-016	 1.514277114102628E-017
-1.707848813732797E-016	 2.319645388660627E-016
 1.918142804440224E-016	-2.238379389684230E-017
-2.450612490397242E-017	 3.871335676773617E-017
 2.172517462523077E-017	 1.670433412974863E-017
 6.159392583124333E-017	-6.265188784614008E-017
-7.838629720710402E-017	-4.731612563406457E-018
 2.220671659553887E-017	-1.109047527074197E-016
 6.487281796193072E-018	 3.555699926288451E-018
-3.228733186020169E-017	 9.881533604912701E-017
 4.905478388634207E-017	-4.994409105794256E-017
 5.415802750175857E-018	 4.588699521004467E-017
-1.568298101216706E-017	-2.657472787677495E-017
 3.786291654296235E-018	-2.011348520626574E-018
-8.697638424395302E-018	-3.238179557036834E-017
 9.760247663965693E-018	-1.645303521175609E-017
 1.858317448881095E-017	 2.850882002313383E-017
-2.569665145490256E-017	 1.735477954614857E-017
 2.250143319109574E-017	 8.088439512674691E-018
-3.100124072587449E-017	-3.520229812886569E-018
 7.785113243440828E-018	-3.212342383651729E-018
-3.003307377814142E-018	-2.258890442292939E-017
-5.575544300987708E-018	 7.447159912261426E-018
-8.522919425719335E-018	-5.779071745332350E-018
-1.626384883699408E-017	 1.025987446044997E-017
-2.995592363935540E-017	 5.696893810984859E-019
 2.672137318410620E-017	 2.614702661887075E-017
 7.166076823774914E-018	 2.005666889912504E-019
 3.021596063567803E-017	-2.700917511872387E-017
-1.136780341723123E-018	-4.447567382617860E-018
-1.042568823517686E-017	-6.405759356830677E-018
-1.559791809885323E-017	 1.604036805282835E-017
-3.310241262996527E-017	 1.017154977524047E-017
-2.357893978825126E-017	 6.275142119054748E-020
 2.057760948191273E-017	 9.798021458899159E-017
 2.309596622067981E-017	-9.421281970080081E-018
 5.477786211182303E-018	-3.435325013751499E-018
 9.429297414339816E-018	 1.146315168337256E-017
-1.614283277734871E-017	 3.224528102668306E-017
 1.132897087642262E-017	 1.420315630882076E-017
-1.165346926251151E-017	-4.385064869885795E-017
 3.476421607920401E-018	-6.682022059488858E-018
 1.493714948469666E-017	 1.747729168411068E-017
 1.198027112851484E-017	-7.948176869925442E-019
-5.999801752166379E-018	 4.854364573987936E-018
 5.260569865698218E-018	-1.535789640966403E-018
-6.388660070435586E-018	 1.237329814247139E-017
 1.716742079589618E-017	-2.595823496796932E-018
 4.327226562284607E-018	-1.206876922722213E-017
 2.434734553840470E-017	-1.449514463822499E-017
-3.128827260539505E-017	 2.004760787332443E-017
 2.733508615754486E-017	 4.064600457983719E-018
-2.039492577836752E-017	-1.810298212657620E-017
-2.452155618648917E-018	-5.766374705698182E-018
 8.664783669293387E-018	-4.497230756221772E-017
-5.097985035113678E-017	 1.167816434627278E-018
 1.824596797884217E-017	 1.354420461776133E-017
 5.309746201113457E-018	-1.490283396764605E-017
 3.718182627958742E-019	-4.104248120640549E-017
 1.783309655716554E-017	 9.900260420423888E-018
-1.143998482605727E-017	-2.981534620925522E-018
 5.017714950556094E-018	 3.768943101388075E-018
 1.180028101747212E-017	-3.152720410453639E-017
-7.513929441955810E-018	-4.660630861169733E-018
 1.085365550024869E-017	 1.332768133949625E-018
 5.059271927768433E-018	 6.539465553281380E-018
-6.137926644335169E-018	-3.553512241298548E-017
 1.724928019052337E-017	 3.779937112366859E-018
-5.733727722203980E-018	 1.129637769712301E-017
-4.973014274663628E-018	 5.677782965396456E-018
 5.420661409654182E-018	-2.506340471583906E-017
-2.949284359431506E-017	-2.168301374875469E-017
-1.677037990338997E-019	-6.919223188842133E-018
 4.804853503465134E-018	 1.671465727179416E-017
-1.228228154991238E-017	 1.512355136990823E-017
 1.350188541003507E-017	 3.629013329461847E-018
 1.611648743625617E-018	 1.047734507856148E-018
-3.244467339015305E-017	-4.536638924407027E-018
 2.087838288112091E-017	 1.194743616577578E-017
-8.602266997953103E-018	 6.589599979926720E-019
-1.920985332025342E-018	 8.014558482925463E-018
-4.763674707768908E-018	 2.109333796070336E-017
-4.229627825924415E-018	 1.212739627087562E-017
-8.172010223337502E-018	 5.653938409782091E-018
-4.963474279407081E-018	 5.003881603527663E-018
-7.348536882199094E-018	-7.606087064572653E-018
 3.870328946050842E-017	 2.938187667709528E-017
 7.070651039344981E-018	-4.615018291523189E-018
-2.884896473828973E-018	 6.299874254852874E-018
 4.796837973308152E-018	 2.703549923613322E-018
-2.326712459008730E-017	 2.810411356089944E-017
 1.021740479208785E-017	 3.489959203506909E-018
 8.983310152334354E-018	-2.938290070430822E-018
 8.394802696210941E-018	-7.382069716641735E-018
-1.794484569741336E-017	 8.227231410058768E-018
-1.388560115407807E-017	 1.261396828448916E-017
-1.543632926355407E-017	 1.090180247734454E-018
-6.763784551223509E-018	-9.385667496658352E-019
-1.469546413842430E-017	-4.493968896035257E-017
 1.237103570314150E-017	-1.669800307819487E-017
 1.190588052663898E-017	 7.646792328008190E-018
-4.375406546163400E-019	 1.098753720594140E-017
-1.404608745484392E-017	 7.591453579376969E-018
 1.977518978190482E-017	 1.500211458463580E-017
 2.890970191272364E-019	-7.305446005212089E-018
 9.194079672143513E-018	 1.088708131874006E-017
-1.813828601277237E-018	-5.838208814239753E-017
-2.365712581020136E-017	-6.641019049306514E-018
 1.575681486285305E-018	-8.727531028981712E-018
-3.031067759280639E-017	 2.352747926710270E-017
-4.961657439782622E-018	-5.742780791506069E-018
-8.767313382772394E-018	 2.257633273750991E-018
 2.435156504314134E-017	 3.664341307427167E-018
 1.317643382636709E-018	 1.600186611278819E-017
 9.996802114511369E-018	 3.132677513189620E-018
-1.763321710218247E-017	-8.558588903049749E-018
-1.521881119125225E-018	-1.511887403924090E-017
 6.533734487617426E-018	-2.225867098097190E-017
-2.085001707443317E-017	 1.723281311679488E-017
 1.221511689570836E-017	 1.100018920462946E-017
 1.268452820527842E-017	 1.064051550102293E-017
-1.851123794072312E-017	 2.168897400984699E-017
 1.341402696554506E-017	 2.556442889104896E-018
-2.220544375749727E-017	 1.878656550922591E-017
 1.757313745696034E-018	 9.800702518898661E-018
 2.871046506113364E-017	-8.646050453680175E-018
 1.077074365050492E-017	 1.884074689549325E-017
 4.342651172693304E-018	-1.080919384648576E-017
 1.626051967531071E-017	 5.282144512820805E-018
-1.117563341628063E-017	-1.707388441666891E-017
-1.173176199974543E-019	-2.083752781375728E-017
-1.594041371312553E-017	 2.433682376358034E-017
-7.191153527283613E-019	 1.267384978228113E-017
 3.562834563552857E-018	 1.203505522695850E-018
 3.164903951426673E-017	-1.984259415119490E-018
 5.666433666399021E-018	-1.132461140857893E-017
 2.830920826572400E-017	-1.571147961206089E-017
 2.720751728024634E-018	-1.694846711633282E-017
 4.184161071102558E-017	 2.531364478022056E-018
 1.779370147998224E-017	-1.039961747722442E-017
-1.387717752305084E-017	 1.407569792194641E-017
 9.413645259004663E-018	-4.238485257584535E-017
-2.761670690717857E-017	-1.201240617507042E-019
 1.235503122862798E-017	 3.589275994030636E-018
 9.645287505401672E-018	-3.822417838149116E-019
-3.473722126709149E-017	 2.390741077711704E-017
 1.816566367815358E-017	 2.264923832261097E-017
 2.178213846144261E-018	-4.129742192496480E-018
-1.036430501948553E-017	-3.134489261892520E-018
 1.335304199542176E-017	-2.452894617501001E-018
 2.898149866496727E-018	-4.337513812498327E-018
 1.806350405528398E-017	-3.967583507230385E-018
-1.028689528011667E-017	 8.078049579752040E-018
 6.635329974122556E-018	-5.877707827417935E-019
-1.317524241961790E-017	-1.486898733845132E-017
 2.744947129315908E-018	 1.476314705640320E-017
-3.746233231985457E-018	-1.006906782903614E-017
 4.679547855941329E-018	 2.572158631534373E-017
 5.432004954198820E-018	-3.640122140899736E-017
-2.709344773404446E-018	-1.340222894468928E-017
-1.236770686978549E-017	 2.382876308401250E-017
 4.961631942181909E-018	-1.684484316871238E-017
 5.476123680509824E-018	 4.737349226259311E-017
-3.963560382568389E-018	-5.838691534357797E-018
-5.810496803926734E-018	-2.915530166913220E-018
 1.388900076691422E-017	 2.786433213388840E-018
 2.168941715795180E-017	-3.175825371577000E-017
-9.485778774847279E-018	 1.240820124533995E-017
-8.164011271802448E-018	 1.124865116062841E-017
 1.634908406682192E-017	-1.660941220204636E-017
-6.695608610300417E-018	 1.911984873684745E-017
-1.638083959148058E-019	-1.194798169807102E-017
-2.346971779637042E-017	-1.161212263656318E-018
 1.869820848592716E-018	 1.581315649919422E-017
 1.841791145197413E-017	-1.520836659127168E-017
-8.824392962189548E-018	 1.925346952861093E-017
 8.252652137589781E-020	 1.381567580166507E-017
 2.996332135378783E-017	-3.820459967594217E-018
 2.068357094638504E-017	 1.397837084899567E-017
-1.876650085437951E-017	 6.738277296061701E-018
 5.280544359669824E-018	 7.301169490478861E-018
-3.488112391498377E-018	-8.444696317545201E-018
-1.816012110262290E-017	-3.730421559494567E-018
-9.525715001081242E-018	-9.189511929329408E-018
-2.011968383622534E-017	-1.316975350475168E-017
-1.366858858827137E-017	 1.505896207581218E-017
 1.903113544669822E-017	 1.832280171505948E-018
 2.200002162735737E-017	-1.659432819025849E-017
 1.241495500550079E-017	 4.792214900476618E-018
 2.082168329376721E-018	-1.804451100019099E-017
 2.177652148893323E-018	-3.999603902650288E-017
-5.488783237475175E-018	-1.225741620168912E-017
-2.945883190485692E-018	-3.320213489589110E-018
-5.157890503180941E-019	-3.797774318390267E-018
 2.071663840945098E-017	-1.082798145592638E-017
 1.015182528476288E-017	 7.371581959522276E-018
 3.115801715832499E-018	 3.236436632164041E-018
-4.805655147792973E-018	 9.822781712754266E-018
 1.911757865834155E-017	-3.607655216761414E-018
 1.482699766816962E-017	 2.944437226428406E-018
-5.472444619025073E-018	 8.265607868335965E-018
-2.068560143772563E-017	-1.500046390890936E-017
 2.639797868177212E-017	-2.191637515352776E-017
-4.402141785885048E-017	-1.981541134841477E-017
 8.720537005050429E-018	-2.581436217069844E-017
 4.485818622910530E-017	 3.278863969851067E-018
-2.255083187843147E-017	-1.925649230525727E-017
 5.933171465419888E-017	-6.050796199483995E-019
-1.586267070362666E-017	 7.585514677233604E-017
-1.302385655487254E-016	-4.848190748850098E-018
 4.249786860830505E-018	 1.348973259953136E-017
-3.833449165709448E-017	-1.644026858549663E-017
 2.144712879161726E-017	-2.362898187260538E-016
 2.931312566501935E-016	-8.693346338007470E-018
-2.760826398520647E-017	-9.934967294440899E-018
-4.068751658898368E-017	 1.885118880817575E-018
-1.318827783072182E-017	 7.919661561415220E-016
-5.825155075564204E-016	 2.415792475385040E-018
-1.199540088688277E-017	-4.055777791272864E-016
 1.542178618782938E-016	 5.155534847729536E-019
 1.210289017911428E-018	-1.790585019435013E-015
 1.069966424425913E-015	-5.938976075975067E-018
-4.183751834423296E-018	 1.694699122016647E-015
-2.762661856727080E-017	 5.630100945643617E-018
-2.211121862255521E-019	 4.264111189196888E-015
-2.522544654156593E-015	-1.129940698971573E-017
-3.506861200888653E-017	-7.080082731368061E-015
-9.898180596915281E-016	-1.617671740279803E-018
-3.208085507569688E-018	-5.977781953307298E-015
 7.556724096212478E-015	-7.433502992329215E-018
 1.129649522354922E-017	 1.803536971153103E-014
 4.422154908457896E-015	 1.398955436361493E-017
-2.446057707809007E-018	 8.611102686913606E-015
-2.713321791639821E-014	 8.831745337127102E-018
-1.133465951583585E-017	-4.905495455474965E-014
-5.707232629123343E-015	 1.099303981482403E-017
-5.354439917878304E-018	 8.800143854489248E-015
 8.679747746756230E-014	-7.896668879967811E-018
 4.832122987019688E-018	 8.606105064170204E-014
-1.810450711289141E-014	 1.005322870340880E-017
-4.460370820905703E-019	-2.250811417158063E-014
-2.515450396737233E-013	 9.711696582910740E-018
 1.471612192046403E-017	-1.917559385026359E-013
 1.817580333036753E-013	-2.491460400603421E-018
-3.428887802163282E-018	 1.146854164953289E-013
 5.912060302072791E-013	 3.368765476577700E-018
 1.594510034875225E-017	 2.554849305606674E-013
-7.685900353756038E-013	 4.678056258214271E-018
 3.736772193891361E-018	 5.363277750562930E-014
-1.161351598049562E-012	-1.323073500452651E-018
 5.036567924509763E-018	-9.309764248970464E-013
 2.551445922073079E-012	-6.937367378126509E-018
-4.435784069286575E-019	-7.721091648862542E-014
 1.484984798043960E-012	-8.581610434388919E-019
 9.778961144971356E-018	 2.245115475630706E-012
-6.631550378059168E-012	-3.442279184536589E-018
 7.215294548049147E-018	 1.803871247341975E-012
-4.402705236682205E-013	 3.776305803664023E-018
 1.064106133614809E-017	-1.053276189666251E-011
 1.501952780909801E-011	-5.960195460484603E-018
-4.920138379586632E-018	 1.431109775050687E-012
-5.523616185502203E-012	-4.374357735287092E-019
-1.656489458291329E-018	 2.701894836003666E-011
-2.739203455405867E-011	-2.872138824934819E-018
 5.305549611237561E-018	-8.713169225247215E-012
 1.729915453871483E-011	-7.261674600771212E-018
-7.161902075517672E-018	-8.796394879991196E-011
 4.699046824465481E-011	-5.165508947537310E-018
-3.666310335964400E-018	 9.165188971377556E-011
-3.383629864043953E-011	 7.011059748980298E-018
 1.775278490062547E-017	 1.561287151478493E-010
-8.109460218675073E-011	-3.910553235770840E-019
 1.406794012652454E-019	-2.661375828179394E-010
 9.510882939844688E-012	-8.460422614399062E-018
-1.741774509434871E-017	-3.443021632701696E-010
 2.455887584925225E-010	 1.133854253499667E-017
 4.480687257092117E-018	 9.701207032203986E-010
 9.028876527003418E-011	 2.622382699107139E-019
-5.276191587834281E-019	 9.435010000290035E-011
-8.748609865925824E-010	-1.547818876018938E-017
-4.494552080248672E-018	-1.923232965870137E-009
-2.874586136667078E-010	-4.950485749322515E-018
-4.342829373230633E-018	 1.325237792571894E-010
 3.216439839886448E-009	 7.010802999589130E-018
 8.357695158009601E-018	 4.993847841932577E-009
-5.869174372583446E-010	-2.917750407313945E-019
-4.823833230835788E-018	-3.750014128218648E-009
-9.414804805371376E-009	-1.336543835648527E-018
 1.703612497091088E-018	-5.777998626369962E-009
 6.381857275483166E-009	 6.196688991733142E-018
-1.302412363549496E-017	 4.392811983843553E-009
 2.413089939429968E-008	 3.713591186892616E-018
 7.492623968162384E-020	 1.501183935030517E-008
-3.152576067087864E-008	 1.624822506900997E-018
-1.785662919826287E-017	-1.728375818451974E-008
-4.623663219526512E-008	-1.202280661069976E-017
 1.252785335824641E-017	-9.658734927266633E-009
 1.025831504092807E-007	 5.592994081432594E-018
 1.042266393860893E-017	-1.503610712508058E-008
 6.230098967141652E-008	 1.545587205179354E-017
 3.540368106825721E-018	 9.967603139260309E-008
-2.822771913816080E-007	 1.200544877649777E-018
 1.110344943367225E-017	-1.706359133712897E-008
 1.509366624963878E-008	-1.581500854319186E-017
 9.254615912379418E-018	-2.134691219596329E-007
 6.164585791964716E-007	 1.993723591749852E-017
 1.076360095231469E-017	-1.591965162699957E-007
-3.140803698148801E-007	 1.919165838625390E-018
 2.085659180881644E-018	 1.184716693280930E-006
-1.173236987915792E-006	-1.256823726758337E-017
 9.290023214120212E-018	-6.598017767211239E-007
 1.110664474697517E-006	 1.507451291483430E-017
 2.116324908255370E-017	-2.244952025777618E-006
 1.640651632113821E-006	 2.260539521451369E-018
-3.674557615641486E-018	 1.850449963638828E-006
-2.125553827422920E-006	-2.773553513027735E-017
-1.427586961225847E-017	 7.610607315905258E-006
-2.211021812753004E-006	-1.396912830208272E-017
-1.444664641724906E-017	-1.280405081439786E-005
 2.941148154950714E-006	 1.170218512383550E-017
 1.260985104664323E-017	-7.505862011484223E-006
 4.150933556668858E-006	-2.021613716894850E-017
-1.985949208101830E-017	 2.630914258006608E-005
 3.636238166334974E-007	 1.338677481599752E-017
-6.417600101317372E-018	 1.656703894670358E-005
-2.101566116178596E-005	 3.608893434784273E-017
-5.759635798719884E-017	-9.146952562226213E-005
-5.420171903635949E-006	-8.138280713832276E-017
-3.207849413584026E-017	 4.720573465320532E-005
 8.490741116789946E-005	-8.612249160894961E-017
 1.424669592703874E-016	 1.209025187520827E-004
 2.172062475560292E-006	 1.719358292253290E-016
 3.908902826925929E-017	-7.542386176248703E-005
-2.805226186916532E-004	 6.774546480957865E-017
-3.023189519861957E-016	-3.456347419579639E-004
 1.521391586910749E-004	-4.599177300257028E-016
 1.087507943270989E-016	 4.846896422833686E-004
 6.657295881997815E-004	 2.295904424512001E-017
 6.294226435665194E-016	 1.021678398984083E-004
-8.840815379826253E-004	 6.016975534410282E-016
-5.266835026880843E-016	-1.632765610597918E-004
-1.440226952658833E-003	 3.141548562762448E-016
-1.917167292364182E-015	-8.248363066533035E-004
 3.171474370331333E-003	-1.346124331876501E-015
 2.213516889688035E-015	 1.424668586105514E-003
 1.930930594961099E-003	 7.918708020263816E-016
 3.824322312281425E-015	-7.302079165040848E-004
-8.012295024035882E-003	 2.446747311668339E-015
-3.379985703580843E-015	 2.163416243583188E-003
 2.229016015259619E-004	-5.818656874365641E-016
-5.641688455911800E-015	-9.121500886222489E-003
 1.813227439302336E-002	-1.127073957029397E-014
 1.216215009343814E-014	 4.477980170281263E-003
-1.077018324665626E-002	 1.736736943586765E-017
 2.290179116572272E-017	 1.361860660639575E-002
-2.946654158331929E-002	 1.769259604148455E-014
-3.008919409178776E-014	 1.108036933021945E-002
 3.955175852963472E-002	 7.701723192258235E-015
-6.906721889375999E-015	-8.466266488292409E-002
 4.585449335238403E-002	-4.757008816219508E-014
 7.426961892671686E-014	 7.865091058908288E-002
-8.681423284890663E-002	 2.291331447532172E-014
-4.720284567674209E-016	 7.827679098570722E-002
-5.769092655241884E-002	 5.758497502733233E-014
-9.925242567720486E-014	-1.461598308963666E-001
 5.624590211580718E-002	-1.073378469692108E-013
-7.252613623719291E-014	-3.500725187622020E-001
-3.092310920487298E-002	-2.397717131308984E-013
 8.807118092304108E-014	 9.125091389171054E-001
-8.397633378587289E-002	 4.543863625553549E-013
-1.675088003715973E-013	-6.266378483951437E-002
-4.077286608227199E-002	 5.999114184532165E-013
-1.472597324202219E-013	-1.114110441263651E+000
 1.247248381350932E-001	-1.715664204369907E-013
 4.690258958941913E-013	-3.616293227469293E-001
 1.388085093421298E+000	-5.004508928491546E-013
 1.752180776926861E-012	 3.845053424661658E+000
 3.191814428324216E-001	 1.080711896029815E-012
 2.277925801747326E-013	-4.205520577772218E+000
-3.741505284490232E+000	-1.268380246670667E-012
-2.013158093439540E-012	-8.970409284376715E-001
 1.618239022824065E+000	-3.504054745848040E-012
-1.414617331857597E-012	 4.912490534070896E+000
 1.039100973459408E+001	-5.732212983673481E-013
 3.024488365065514E-012	 1.123661140167682E+001
-7.980486312217870E+000	 6.675505456500770E-012
-2.309657204255407E-012	-2.004239627916310E+001
-1.539938210444720E+001	-1.578602165634077E-012
-1.182436311560593E-012	 3.815746535427039E+000
 2.690079494119126E+001	-8.307134506602506E-012
 1.016535344700247E-011	-2.238124332423154E+001
 6.101066996439972E+000	-1.167555474395971E-011
 8.668915365905268E-012	 4.108515942702750E+000
-1.082704309248948E+002	-3.554450827785003E-012
-3.942055124992246E-011	-4.711900105972462E+001
-3.076395657570296E+001	-8.728561845851871E-012
-4.743007066282428E-011	 4.214995874986622E+001
 1.555190758725133E+002	 1.837418752806401E-011
-8.646097781576983E-012	-4.646609642929499E+001
-2.787893564122394E+001	 5.684330833811664E-011
 1.814730702541472E-011	 2.278476555868591E+002
-9.653459115560636E+001	 1.034339938403885E-010
 2.583340405487461E-012	-1.015005599599412E+002
 2.793534589121367E+002	 2.201879930465699E-011
 7.968771519509478E-011	 5.504284219311916E+000
 8.705798013914001E+001	-4.065579586326104E-011
 8.522901811510251E-011	 5.737147204996456E+001
-2.991544573134341E+002	-5.331104592301845E-011
 1.328712590732925E-011	 6.672423013469848E+002
-1.020767525549380E+002	-3.335505736719469E-011
-2.328382897497785E-011	-6.377745734621317E+001
 1.821727875192491E+002	-3.635623131494787E-011
 6.445191254648235E-012	 3.581694487614880E+001
 1.925748281615673E+002	 4.928446798436859E-012
-1.116310695154550E-011	 1.431663948562818E+001
 1.000944289887079E+001	 1.376585086564783E-011
-4.043482872822264E-012	-1.470680445192783E+002
 9.821986486240397E+001	 6.552134803607114E-012
