 4.000000000000000E-003	 7.000000000000000E-003	 1.800000000000000E-002	 1.190000000000000E-001	 1.000000000000000E-002	 1.100000000000000E-002	 2.900000000000000E-002	 1.710000000000000E-001	 5.000000000000000E-003	 
 7.000000000000000E-003	 1.000000000000000E-002	 1.800000000000000E-002	 1.250000000000000E-001	 1.500000000000000E-002	 1.700000000000000E-002	 2.900000000000000E-002	 1.720000000000000E-001	 7.000000000000000E-003	 
 1.200000000000000E-002	 1.600000000000000E-002	 3.700000000000000E-002	 1.380000000000000E-001	 3.900000000000000E-002	 3.100000000000000E-002	 6.000000000000000E-002	 1.680000000000000E-001	 1.200000000000000E-002	 
 1.900000000000000E-002	 2.700000000000000E-002	 3.600000000000000E-002	 1.220000000000000E-001	 4.000000000000000E-002	 4.800000000000000E-002	 5.800000000000000E-002	 1.810000000000000E-001	 2.000000000000000E-002	 
 3.900000000000000E-002	 4.100000000000000E-002	 6.100000000000000E-002	 1.320000000000000E-001	 6.100000000000000E-002	 7.400000000000000E-002	 8.599999999999999E-002	 1.620000000000000E-001	 3.300000000000000E-002	 
 5.000000000000000E-002	 6.600000000000000E-002	 9.000000000000000E-002	 2.420000000000000E-001	 1.040000000000000E-001	 1.170000000000000E-001	 1.450000000000000E-001	 3.340000000000000E-001	 5.500000000000000E-002	 
 8.400000000000001E-002	 1.100000000000000E-001	 1.720000000000000E-001	 4.190000000000000E-001	 1.870000000000000E-001	 1.970000000000000E-001	 2.700000000000000E-001	 5.270000000000000E-001	 9.200000000000000E-002	 
 1.450000000000000E-001	 1.960000000000000E-001	 2.550000000000000E-001	 4.890000000000000E-001	 2.980000000000000E-001	 3.250000000000000E-001	 4.130000000000000E-001	 6.700000000000000E-001	 1.570000000000000E-001	 
 2.330000000000000E-001	 3.070000000000000E-001	 4.160000000000000E-001	 7.600000000000000E-001	 4.580000000000000E-001	 5.400000000000000E-001	 6.860000000000001E-001	 1.071000000000000E+000	 2.560000000000000E-001	 
 4.080000000000000E-001	 5.070000000000000E-001	 6.690000000000000E-001	 1.203000000000000E+000	 8.080000000000001E-001	 8.790000000000000E-001	 1.136000000000000E+000	 1.779000000000000E+000	 4.290000000000000E-001	 
 6.470000000000000E-001	 8.570000000000000E-001	 1.159000000000000E+000	 1.956000000000000E+000	 1.357000000000000E+000	 1.503000000000000E+000	 1.842000000000000E+000	 2.701000000000000E+000	 7.400000000000000E-001	 
 1.152000000000000E+000	 1.443000000000000E+000	 1.880000000000000E+000	 3.522000000000000E+000	 2.223000000000000E+000	 2.424000000000000E+000	 3.090000000000000E+000	 4.549000000000000E+000	 1.190000000000000E+000	 
 1.905000000000000E+000	 2.360000000000000E+000	 3.165000000000000E+000	 5.385000000000000E+000	 3.561000000000000E+000	 4.221000000000000E+000	 5.206000000000000E+000	 7.489000000000000E+000	 2.058000000000000E+000	 
 3.192000000000000E+000	 4.070000000000000E+000	 5.419000000000000E+000	 9.032999999999999E+000	 6.409000000000000E+000	 6.958000000000000E+000	 8.532000000000000E+000	 1.284000000000000E+001	 3.272000000000000E+000	 
 5.144000000000000E+000	 6.600000000000000E+000	 9.166000000000000E+000	 1.523500000000000E+001	 9.952000000000000E+000	 1.135000000000000E+001	 1.369500000000000E+001	 2.042700000000000E+001	 5.742000000000000E+000	 
 8.510999999999999E+000	 1.115700000000000E+001	 1.473400000000000E+001	 2.476700000000000E+001	 1.676300000000000E+001	 1.887800000000000E+001	 2.349000000000000E+001	 3.417600000000000E+001	 8.968999999999999E+000	 
 
