                    NaN	                    NaN	                    NaN	                    NaN	                    NaN	                    NaN	                    NaN	                    NaN	 4.941610274408976E-004	 
                    NaN	                    NaN	                    NaN	                    NaN	                    NaN	                    NaN	                    NaN	                    NaN	 1.612688783014101E-004	 
 3.765161736800761E-003	                    NaN	                    NaN	                    NaN	 3.309747357043676E-003	                    NaN	                    NaN	                    NaN	 5.249317087893580E-005	 
 1.186915998678456E-003	                    NaN	                    NaN	                    NaN	 1.027170356292184E-003	                    NaN	                    NaN	                    NaN	 1.711186654433176E-005	 
 3.801042391055965E-004	                    NaN	                    NaN	                    NaN	 3.236137844442870E-004	                    NaN	                    NaN	                    NaN	 5.579470819841935E-006	 
 1.226608154558387E-004	 2.753055581162996E-006	                    NaN	                    NaN	 1.023678170637742E-004	 7.792294624788909E-006	                    NaN	                    NaN	 1.822150571887234E-006	 
 4.010058422727533E-005	 1.374436567547309E-007	                    NaN	                    NaN	 3.288868696191593E-005	 6.360335637257257E-007	                    NaN	                    NaN	 5.945640386464354E-007	 
 1.298799760636396E-005	 1.040226266583676E-008	                    NaN	                    NaN	 1.049388427012899E-005	 4.329337877878673E-008	                    NaN	                    NaN	 1.938556497343224E-007	 
 4.228669042070918E-006	 8.309053019914735E-010	 2.505206569480603E-008	                    NaN	 3.372276588904174E-006	 6.682147565172927E-009	 1.620560827704486E-006	                    NaN	 6.320447339749586E-008	 
 1.380016684915694E-006	 6.736722148030183E-011	 1.479986212834632E-010	                    NaN	 1.087385708563826E-006	 1.097185397846046E-009	 5.376793940188514E-009	                    NaN	 2.061226141474306E-008	 
 4.489555176846687E-007	 2.408105878782793E-011	 2.912492410014467E-011	 2.681872405351548E-005	 3.495580678061974E-007	 1.772049526680604E-010	 1.007205618152766E-010	 1.645609239823256E-005	 6.705507675219197E-009	 
 1.464125161289486E-007	 1.730217965847250E-011	 2.698113243969673E-011	 3.883872112060667E-011	 1.125614215451600E-007	 5.020682517799843E-011	 3.781080140085303E-011	 1.379926065861749E-009	 2.170141292924203E-009	 
 4.775826555493175E-008	 9.247953770490329E-012	 2.296584273031175E-011	 2.993114881257845E-011	 3.620024172912051E-008	 3.784348118310204E-011	 3.822504374020195E-011	 3.797704726848943E-011	 6.915535078284458E-010	 
 1.558072685507076E-008	 1.778225835832058E-011	 1.795000748630769E-011	 2.723878022653464E-011	 1.162484865830571E-008	 3.742752915930051E-011	 3.819336208438126E-011	 3.798277356454056E-011	 2.458945142517839E-010	 
 5.065917432060846E-009	 3.142437679632413E-011	 1.055846031527835E-011	 2.425223650123924E-011	 3.731120553030246E-009	 3.706141137845136E-011	 3.756088004269740E-011	 3.787655096149166E-011	 9.548826708498298E-011	 
 1.652879433563288E-009	 3.053638440701845E-011	 1.619998063246182E-011	 2.003551583786188E-011	 1.204754786496406E-009	 3.867295880838157E-011	 3.739658898076824E-011	 3.795395559074385E-011	 1.165734504742666E-010	 
 
