 5.319148936170213E-002	 2.083333333333333E-001	 8.333333333333334E-001	 2.500000000000000E+000	 5.319148936170213E-002	 2.083333333333333E-001	 8.333333333333334E-001	 2.500000000000000E+000	 1.329787234042553E-002	 
 4.000000000000000E-002	 1.562500000000000E-001	 6.250000000000000E-001	 2.500000000000000E+000	 4.000000000000000E-002	 1.562500000000000E-001	 6.250000000000000E-001	 2.500000000000000E+000	 1.006036217303823E-002	 
 3.030303030303030E-002	 1.190476190476190E-001	 4.545454545454545E-001	 1.666666666666667E+000	 3.030303030303030E-002	 1.190476190476190E-001	 4.545454545454545E-001	 1.666666666666667E+000	 7.610350076103500E-003	 
 2.293577981651376E-002	 9.090909090909091E-002	 3.571428571428572E-001	 1.250000000000000E+000	 2.293577981651376E-002	 9.090909090909091E-002	 3.571428571428572E-001	 1.250000000000000E+000	 5.753739930955121E-003	 
 1.736111111111111E-002	 6.944444444444445E-002	 2.777777777777778E-001	 1.000000000000000E+000	 1.736111111111111E-002	 6.944444444444445E-002	 2.777777777777778E-001	 1.000000000000000E+000	 4.347826086956522E-003	 
 1.312335958005249E-002	 5.208333333333334E-002	 2.083333333333333E-001	 8.333333333333334E-001	 1.312335958005249E-002	 5.208333333333334E-002	 2.083333333333333E-001	 8.333333333333334E-001	 3.287310979618672E-003	 
 9.940357852882704E-003	 3.968253968253968E-002	 1.562500000000000E-001	 6.250000000000000E-001	 9.940357852882704E-003	 3.968253968253968E-002	 1.562500000000000E-001	 6.250000000000000E-001	 2.485089463220676E-003	 
 7.507507507507507E-003	 2.994011976047904E-002	 1.190476190476190E-001	 4.545454545454545E-001	 7.507507507507507E-003	 2.994011976047904E-002	 1.190476190476190E-001	 4.545454545454545E-001	 1.878287002253944E-003	 
 5.675368898978433E-003	 2.262443438914027E-002	 8.928571428571429E-002	 3.571428571428572E-001	 5.675368898978433E-003	 2.262443438914027E-002	 8.928571428571429E-002	 3.571428571428572E-001	 1.419647927314026E-003	 
 4.291845493562232E-003	 1.712328767123288E-002	 6.849315068493150E-002	 2.631578947368421E-001	 4.291845493562232E-003	 1.712328767123288E-002	 6.849315068493150E-002	 2.631578947368421E-001	 1.072961373390558E-003	 
 3.242542153047990E-003	 1.295336787564767E-002	 5.154639175257732E-002	 2.000000000000000E-001	 3.242542153047990E-003	 1.295336787564767E-002	 5.154639175257732E-002	 2.000000000000000E-001	 8.108984755108660E-004	 
 2.450980392156863E-003	 9.803921568627451E-003	 3.906250000000000E-002	 1.562500000000000E-001	 2.450980392156863E-003	 9.803921568627451E-003	 3.906250000000000E-002	 1.562500000000000E-001	 6.128953174797745E-004	 
 1.852537977028529E-003	 7.407407407407408E-003	 2.958579881656805E-002	 1.162790697674419E-001	 1.852537977028529E-003	 7.407407407407408E-003	 2.958579881656805E-002	 1.162790697674419E-001	 4.632203075782842E-004	 
 1.400168020162420E-003	 5.599104143337066E-003	 2.232142857142857E-002	 8.928571428571429E-002	 1.400168020162420E-003	 5.599104143337066E-003	 2.232142857142857E-002	 8.928571428571429E-002	 3.501155381275821E-004	 
 1.058425063505504E-003	 4.233700254022015E-003	 1.689189189189189E-002	 6.756756756756757E-002	 1.058425063505504E-003	 4.233700254022015E-003	 1.689189189189189E-002	 6.756756756756757E-002	 2.646202699126753E-004	 
 8.000000000000000E-004	 3.198976327575176E-003	 1.278772378516624E-002	 5.102040816326531E-002	 8.000000000000000E-004	 3.198976327575176E-003	 1.278772378516624E-002	 5.102040816326531E-002	 2.000000000000000E-004	 
 
