 9.400000000000000E+001	 2.400000000000000E+001	 6.000000000000000E+000	 2.000000000000000E+000	 9.400000000000000E+001	 2.400000000000000E+001	 6.000000000000000E+000	 2.000000000000000E+000	 3.760000000000000E+002	 
 1.250000000000000E+002	 3.200000000000000E+001	 8.000000000000000E+000	 2.000000000000000E+000	 1.250000000000000E+002	 3.200000000000000E+001	 8.000000000000000E+000	 2.000000000000000E+000	 4.970000000000000E+002	 
 1.650000000000000E+002	 4.200000000000000E+001	 1.100000000000000E+001	 3.000000000000000E+000	 1.650000000000000E+002	 4.200000000000000E+001	 1.100000000000000E+001	 3.000000000000000E+000	 6.570000000000000E+002	 
 2.180000000000000E+002	 5.500000000000000E+001	 1.400000000000000E+001	 4.000000000000000E+000	 2.180000000000000E+002	 5.500000000000000E+001	 1.400000000000000E+001	 4.000000000000000E+000	 8.690000000000000E+002	 
 2.880000000000000E+002	 7.200000000000000E+001	 1.800000000000000E+001	 5.000000000000000E+000	 2.880000000000000E+002	 7.200000000000000E+001	 1.800000000000000E+001	 5.000000000000000E+000	 1.150000000000000E+003	 
 3.810000000000000E+002	 9.600000000000000E+001	 2.400000000000000E+001	 6.000000000000000E+000	 3.810000000000000E+002	 9.600000000000000E+001	 2.400000000000000E+001	 6.000000000000000E+000	 1.521000000000000E+003	 
 5.030000000000000E+002	 1.260000000000000E+002	 3.200000000000000E+001	 8.000000000000000E+000	 5.030000000000000E+002	 1.260000000000000E+002	 3.200000000000000E+001	 8.000000000000000E+000	 2.012000000000000E+003	 
 6.660000000000000E+002	 1.670000000000000E+002	 4.200000000000000E+001	 1.100000000000000E+001	 6.660000000000000E+002	 1.670000000000000E+002	 4.200000000000000E+001	 1.100000000000000E+001	 2.662000000000000E+003	 
 8.810000000000000E+002	 2.210000000000000E+002	 5.600000000000000E+001	 1.400000000000000E+001	 8.810000000000000E+002	 2.210000000000000E+002	 5.600000000000000E+001	 1.400000000000000E+001	 3.522000000000000E+003	 
 1.165000000000000E+003	 2.920000000000000E+002	 7.300000000000000E+001	 1.900000000000000E+001	 1.165000000000000E+003	 2.920000000000000E+002	 7.300000000000000E+001	 1.900000000000000E+001	 4.660000000000000E+003	 
 1.542000000000000E+003	 3.860000000000000E+002	 9.700000000000000E+001	 2.500000000000000E+001	 1.542000000000000E+003	 3.860000000000000E+002	 9.700000000000000E+001	 2.500000000000000E+001	 6.166000000000000E+003	 
 2.040000000000000E+003	 5.100000000000000E+002	 1.280000000000000E+002	 3.200000000000000E+001	 2.040000000000000E+003	 5.100000000000000E+002	 1.280000000000000E+002	 3.200000000000000E+001	 8.158000000000000E+003	 
 2.699000000000000E+003	 6.750000000000000E+002	 1.690000000000000E+002	 4.300000000000000E+001	 2.699000000000000E+003	 6.750000000000000E+002	 1.690000000000000E+002	 4.300000000000000E+001	 1.079400000000000E+004	 
 3.571000000000000E+003	 8.930000000000000E+002	 2.240000000000000E+002	 5.600000000000000E+001	 3.571000000000000E+003	 8.930000000000000E+002	 2.240000000000000E+002	 5.600000000000000E+001	 1.428100000000000E+004	 
 4.724000000000000E+003	 1.181000000000000E+003	 2.960000000000000E+002	 7.400000000000000E+001	 4.724000000000000E+003	 1.181000000000000E+003	 2.960000000000000E+002	 7.400000000000000E+001	 1.889500000000000E+004	 
 6.250000000000000E+003	 1.563000000000000E+003	 3.910000000000000E+002	 9.800000000000000E+001	 6.250000000000000E+003	 1.563000000000000E+003	 3.910000000000000E+002	 9.800000000000000E+001	 2.500000000000000E+004	 
 
