 1.237300000000000E+001	 1.847100000000000E+001	 2.208000000000000E+001	 3.403700000000000E+001	 1.593500000000000E+001	 2.064900000000000E+001	 2.737400000000000E+001	 4.197800000000000E+001	 1.346600000000000E+001	 
 1.668500000000000E+001	 2.364600000000000E+001	 2.992700000000000E+001	 3.384200000000000E+001	 2.162400000000000E+001	 2.872000000000000E+001	 3.486200000000000E+001	 4.167000000000000E+001	 1.787300000000000E+001	 
 2.180200000000000E+001	 3.183300000000000E+001	 4.178900000000000E+001	 5.107200000000000E+001	 2.797300000000000E+001	 3.673700000000000E+001	 4.947200000000000E+001	 6.154500000000000E+001	 2.338000000000000E+001	 
 2.822900000000000E+001	 4.011000000000000E+001	 5.481700000000000E+001	 6.605500000000001E+001	 3.602500000000000E+001	 4.574800000000000E+001	 6.278300000000000E+001	 8.150200000000000E+001	 3.019000000000000E+001	 
 3.766800000000000E+001	 5.179800000000000E+001	 6.597300000000000E+001	 8.450100000000000E+001	 5.046100000000000E+001	 6.342200000000000E+001	 8.242700000000001E+001	 1.068300000000000E+002	 4.422000000000000E+001	 
 5.097200000000000E+001	 7.022000000000000E+001	 8.887800000000000E+001	 9.626300000000001E+001	 6.086100000000000E+001	 7.552000000000000E+001	 1.068850000000000E+002	 1.190080000000000E+002	 5.046300000000000E+001	 
 6.149900000000000E+001	 8.629500000000000E+001	 1.130790000000000E+002	 1.250810000000000E+002	 7.921899999999999E+001	 9.938600000000000E+001	 1.411200000000000E+002	 1.611640000000000E+002	 6.689200000000000E+001	 
 8.148399999999999E+001	 1.142100000000000E+002	 1.485100000000000E+002	 1.715640000000000E+002	 1.054870000000000E+002	 1.327260000000000E+002	 1.818110000000000E+002	 2.181230000000000E+002	 8.812700000000000E+001	 
 1.076990000000000E+002	 1.516120000000000E+002	 1.926360000000000E+002	 2.216540000000000E+002	 1.392910000000000E+002	 1.739990000000000E+002	 2.239270000000000E+002	 2.846020000000000E+002	 1.171850000000000E+002	 
 1.421370000000000E+002	 1.996740000000000E+002	 2.530710000000000E+002	 2.982070000000000E+002	 1.849240000000000E+002	 2.302960000000000E+002	 3.116380000000000E+002	 3.740380000000000E+002	 1.550260000000000E+002	 
 1.885290000000000E+002	 2.621840000000000E+002	 3.434730000000000E+002	 3.906580000000000E+002	 2.444880000000000E+002	 3.036700000000000E+002	 4.191960000000000E+002	 4.858530000000000E+002	 2.046240000000000E+002	 
 2.501210000000000E+002	 3.464170000000000E+002	 4.788900000000000E+002	 4.996970000000000E+002	 3.205370000000000E+002	 4.005700000000000E+002	 5.751990000000000E+002	 6.305080000000000E+002	 2.744610000000000E+002	 
 3.340360000000000E+002	 4.659890000000000E+002	 6.012420000000000E+002	 6.761430000000000E+002	 4.282790000000000E+002	 5.416849999999999E+002	 7.447050000000000E+002	 8.448420000000000E+002	 3.629370000000000E+002	 
 4.371420000000000E+002	 6.155490000000000E+002	 8.119760000000000E+002	 8.809020000000000E+002	 5.608070000000000E+002	 7.077580000000000E+002	 9.603750000000000E+002	 1.101201000000000E+003	 4.771320000000000E+002	 
 5.773490000000000E+002	 8.122710000000000E+002	 1.068073000000000E+003	 1.194451000000000E+003	 7.708940000000000E+002	 9.587780000000000E+002	 1.323935000000000E+003	 1.513342000000000E+003	 6.345180000000000E+002	 
 7.737750000000000E+002	 1.078364000000000E+003	 1.381019000000000E+003	 1.530890000000000E+003	 9.932460000000000E+002	 1.247827000000000E+003	 1.709345000000000E+003	 2.032148000000000E+003	 8.321840000000000E+002	 
 
