 7.451328466055225E-002	 4.675026518684350E-003	                    NaN	                    NaN	 7.338846490326317E-002	 1.724639663053218E-001	                    NaN	                    NaN	 9.189243037367671E-003	 
 3.185090898478427E-002	 6.647373129890273E-004	                    NaN	                    NaN	 4.915203870486029E-002	 5.105841436592860E-002	                    NaN	                    NaN	 2.608115440943793E-003	 
 1.220667052406230E-002	 2.359644492877619E-004	 3.870385600086014E-004	                    NaN	 2.836942574723032E-002	 1.058855683475025E-002	 2.316020507520906E-002	                    NaN	 5.849724202152405E-004	 
 4.175036668466532E-003	 2.503517088593726E-005	 1.570658952001415E-006	                    NaN	 1.533899702548353E-002	 1.745379726714432E-003	 4.638575779990272E-004	                    NaN	 1.179803157665366E-004	 
 1.207498710319600E-003	 3.250277613555383E-006	 1.756635309154989E-008	                    NaN	 7.719857535393435E-003	 3.081494826409948E-004	 2.459764134094242E-004	                    NaN	 2.303553032302446E-005	 
 3.283648913210269E-004	 2.797058763127675E-007	 2.160961834428151E-009	 1.898970506282503E-003	 3.498894868829826E-003	 5.527973478203725E-005	 3.346319330948121E-004	 2.939051334058325E-004	 4.634251098274770E-006	 
 8.029214017425050E-005	 1.835823505955842E-008	 1.659747205115472E-010	 3.674931932605447E-008	 1.420162943882404E-003	 1.510839248911946E-005	 6.607780435732136E-004	 2.621285285683029E-004	 9.502563852955265E-007	 
 1.743147355499475E-005	 5.339695505497467E-009	 2.338363991719017E-011	 1.244904125018902E-011	 5.132293647629639E-004	 7.484520027370054E-006	 3.600760614305283E-003	 4.733089436388064E-004	 1.746163544199263E-007	 
 3.580740890738583E-006	 5.152910569847351E-010	 5.206968360081960E-011	 3.794549892752692E-011	 1.637935234655745E-004	 1.934658014424720E-006	 3.571094618924086E-002	 2.103222535977489E-003	 3.587906825291646E-008	 
 7.137279495424168E-007	 1.083044466314725E-010	 2.095196305363892E-011	 1.072031857207704E-011	 4.646326762140771E-005	 7.039412869913497E-007	                    NaN	 3.023192266853392E-002	 7.685228158420976E-009	 
 1.419195900184655E-007	 2.195938046199615E-011	 3.008760381941953E-011	 3.797566641339979E-011	 1.182899299389478E-005	 8.158063602489250E-008	                    NaN	                    NaN	 1.650266456082340E-009	 
 2.785167684417100E-008	 3.797114620232722E-011	 1.917267052094934E-011	 1.066848354646111E-011	 2.737256501669448E-006	 2.075650889304586E-008	                    NaN	                    NaN	 4.137823541873886E-010	 
 5.813869349582465E-009	 3.896519951042299E-011	 2.167981525237281E-011	 3.785116408614392E-011	 5.879143772600318E-007	 4.389182538102166E-009	                    NaN	                    NaN	 7.141903540351096E-011	 
 1.180890815731973E-009	 3.197803457662523E-011	 1.585478668154063E-011	 1.784775743748976E-011	 1.197388345922951E-007	 5.114257731641148E-010	                    NaN	                    NaN	 8.401804201089254E-011	 
 3.161635875558272E-010	 2.801263054403663E-011	 2.142884528898213E-011	 3.216002219293186E-011	 2.354292064757170E-008	 5.772274763119569E-011	 1.601763218781329E-010	                    NaN	 6.285087761946371E-011	 
 3.668436011406648E-011	 3.295518622702578E-011	 2.081036253679006E-011	 1.883355644759146E-011	 3.667657766554112E-008	 7.035112332831474E-012	 1.626403772105328E-011	                    NaN	 3.369694298818870E-011	 
 
