 1.818913635335947E-002	 7.161972439135290E-002	 2.864788975654116E-001	 1.145915590261646E+000	 1.818913635335947E-002	 7.161972439135290E-002	 2.864788975654116E-001	 1.145915590261646E+000	 4.565400758014528E-003	 
 1.287545607035558E-002	 4.982241696789767E-002	 1.909859317102744E-001	 5.729577951308232E-001	 1.287545607035558E-002	 4.982241696789767E-002	 1.909859317102744E-001	 5.729577951308232E-001	 3.218864017588894E-003	 
 9.022957403635011E-003	 3.580986219567645E-002	 1.432394487827058E-001	 5.729577951308232E-001	 9.022957403635011E-003	 3.580986219567645E-002	 1.432394487827058E-001	 5.729577951308232E-001	 2.260188540949993E-003	 
 6.331025360561583E-003	 2.491120848394884E-002	 9.549296585513721E-002	 3.819718634205488E-001	 6.331025360561583E-003	 2.491120848394884E-002	 9.549296585513721E-002	 3.819718634205488E-001	 1.587140706733582E-003	 
 4.458815526309909E-003	 1.762947061940994E-002	 6.740679942715568E-002	 2.291831180523293E-001	 4.458815526309909E-003	 1.762947061940994E-002	 6.740679942715568E-002	 2.291831180523293E-001	 1.115789279709490E-003	 
 3.130916913283187E-003	 1.245560424197442E-002	 4.982241696789767E-002	 1.909859317102744E-001	 3.130916913283187E-003	 1.245560424197442E-002	 4.982241696789767E-002	 1.909859317102744E-001	 7.832642448815082E-004	 
 2.199454107987805E-003	 8.747447253905699E-003	 3.472471485641353E-002	 1.273239544735163E-001	 2.199454107987805E-003	 8.747447253905699E-003	 3.472471485641353E-002	 1.273239544735163E-001	 5.503917340353730E-004	 
 1.546444791176311E-003	 6.160836506783045E-003	 2.438118277152439E-002	 9.549296585513721E-002	 1.546444791176311E-003	 6.160836506783045E-003	 2.438118277152439E-002	 9.549296585513721E-002	 3.866111977940777E-004	 
 1.086175914939949E-003	 4.340589357051691E-003	 1.736235742820676E-002	 6.740679942715568E-002	 1.086175914939949E-003	 4.340589357051691E-003	 1.736235742820676E-002	 6.740679942715568E-002	 2.716083409010776E-004	 
 7.629264915190722E-004	 3.047647846440549E-003	 1.219059138576220E-002	 4.774648292756861E-002	 7.629264915190722E-004	 3.047647846440549E-003	 1.219059138576220E-002	 4.774648292756861E-002	 1.907951365737007E-004	 
 5.359754865583005E-004	 2.141898299554479E-003	 8.551608882549600E-003	 3.370339971357784E-002	 5.359754865583005E-004	 2.141898299554479E-003	 8.551608882549600E-003	 3.370339971357784E-002	 1.340252152352803E-004	 
 3.764505881280048E-004	 1.505802352512019E-003	 5.999558064197102E-003	 2.387324146378430E-002	 3.764505881280048E-004	 1.505802352512019E-003	 5.999558064197102E-003	 2.387324146378430E-002	 9.413584081669649E-005	 
 2.644624025528840E-004	 1.057117703193401E-003	 4.228470812773603E-003	 1.685169985678892E-002	 2.644624025528840E-004	 1.057117703193401E-003	 4.228470812773603E-003	 1.685169985678892E-002	 6.612704658443340E-005	 
 1.857839802629129E-004	 7.431359210516514E-004	 2.968693239019810E-003	 1.181356278620254E-002	 1.857839802629129E-004	 7.431359210516514E-004	 2.968693239019810E-003	 1.181356278620254E-002	 4.644976044838454E-005	 
 1.304994408679702E-004	 5.218194855471978E-004	 2.087277942188791E-003	 8.303736161316279E-003	 1.304994408679702E-004	 5.218194855471978E-004	 2.087277942188791E-003	 8.303736161316279E-003	 3.262671801895241E-005	 
 9.166591394781589E-005	 3.665756846646342E-004	 1.465365204938167E-003	 5.846508113579829E-003	 9.166591394781589E-005	 3.665756846646342E-004	 1.465365204938167E-003	 5.846508113579829E-003	 2.291785344816396E-005	 
 
