 6.300000000000000E+001	 1.600000000000000E+001	 4.000000000000000E+000	 1.000000000000000E+000	 6.300000000000000E+001	 1.600000000000000E+001	 4.000000000000000E+000	 1.000000000000000E+000	 2.510000000000000E+002	 
 8.900000000000000E+001	 2.300000000000000E+001	 6.000000000000000E+000	 2.000000000000000E+000	 8.900000000000000E+001	 2.300000000000000E+001	 6.000000000000000E+000	 2.000000000000000E+000	 3.560000000000000E+002	 
 1.270000000000000E+002	 3.200000000000000E+001	 8.000000000000000E+000	 2.000000000000000E+000	 1.270000000000000E+002	 3.200000000000000E+001	 8.000000000000000E+000	 2.000000000000000E+000	 5.070000000000000E+002	 
 1.810000000000000E+002	 4.600000000000000E+001	 1.200000000000000E+001	 3.000000000000000E+000	 1.810000000000000E+002	 4.600000000000000E+001	 1.200000000000000E+001	 3.000000000000000E+000	 7.220000000000000E+002	 
 2.570000000000000E+002	 6.500000000000000E+001	 1.700000000000000E+001	 5.000000000000000E+000	 2.570000000000000E+002	 6.500000000000000E+001	 1.700000000000000E+001	 5.000000000000000E+000	 1.027000000000000E+003	 
 3.660000000000000E+002	 9.200000000000000E+001	 2.300000000000000E+001	 6.000000000000000E+000	 3.660000000000000E+002	 9.200000000000000E+001	 2.300000000000000E+001	 6.000000000000000E+000	 1.463000000000000E+003	 
 5.210000000000000E+002	 1.310000000000000E+002	 3.300000000000000E+001	 9.000000000000000E+000	 5.210000000000000E+002	 1.310000000000000E+002	 3.300000000000000E+001	 9.000000000000000E+000	 2.082000000000000E+003	 
 7.410000000000000E+002	 1.860000000000000E+002	 4.700000000000000E+001	 1.200000000000000E+001	 7.410000000000000E+002	 1.860000000000000E+002	 4.700000000000000E+001	 1.200000000000000E+001	 2.964000000000000E+003	 
 1.055000000000000E+003	 2.640000000000000E+002	 6.600000000000000E+001	 1.700000000000000E+001	 1.055000000000000E+003	 2.640000000000000E+002	 6.600000000000000E+001	 1.700000000000000E+001	 4.219000000000000E+003	 
 1.502000000000000E+003	 3.760000000000000E+002	 9.400000000000000E+001	 2.400000000000000E+001	 1.502000000000000E+003	 3.760000000000000E+002	 9.400000000000000E+001	 2.400000000000000E+001	 6.006000000000000E+003	 
 2.138000000000000E+003	 5.350000000000000E+002	 1.340000000000000E+002	 3.400000000000000E+001	 2.138000000000000E+003	 5.350000000000000E+002	 1.340000000000000E+002	 3.400000000000000E+001	 8.550000000000000E+003	 
 3.044000000000000E+003	 7.610000000000000E+002	 1.910000000000000E+002	 4.800000000000000E+001	 3.044000000000000E+003	 7.610000000000000E+002	 1.910000000000000E+002	 4.800000000000000E+001	 1.217300000000000E+004	 
 4.333000000000000E+003	 1.084000000000000E+003	 2.710000000000000E+002	 6.800000000000000E+001	 4.333000000000000E+003	 1.084000000000000E+003	 2.710000000000000E+002	 6.800000000000000E+001	 1.732900000000000E+004	 
 6.168000000000000E+003	 1.542000000000000E+003	 3.860000000000000E+002	 9.700000000000000E+001	 6.168000000000000E+003	 1.542000000000000E+003	 3.860000000000000E+002	 9.700000000000000E+001	 2.467000000000000E+004	 
 8.781000000000000E+003	 2.196000000000000E+003	 5.490000000000000E+002	 1.380000000000000E+002	 8.781000000000000E+003	 2.196000000000000E+003	 5.490000000000000E+002	 1.380000000000000E+002	 3.512200000000000E+004	 
 1.250100000000000E+004	 3.126000000000000E+003	 7.820000000000000E+002	 1.960000000000000E+002	 1.250100000000000E+004	 3.126000000000000E+003	 7.820000000000000E+002	 1.960000000000000E+002	 5.000100000000000E+004	 
 
