 4.670000000000000E-001	 1.061000000000000E+000	 2.270000000000000E+000	 5.446000000000000E+000	 4.440000000000000E-001	 5.500000000000000E-001	 6.210000000000000E-001	 6.030000000000000E-001	 3.450000000000000E-001	 
 8.510000000000000E-001	 1.852000000000000E+000	 3.752000000000000E+000	 1.017100000000000E+001	 5.980000000000000E-001	 7.690000000000000E-001	 9.330000000000001E-001	 1.356000000000000E+000	 5.310000000000000E-001	 
 1.088000000000000E+000	 2.580000000000000E+000	 5.235000000000000E+000	 1.088600000000000E+001	 9.010000000000000E-001	 1.141000000000000E+000	 1.245000000000000E+000	 1.366000000000000E+000	 8.159999999999999E-001	 
 1.729000000000000E+000	 3.666000000000000E+000	 7.916000000000000E+000	 1.545800000000000E+001	 1.235000000000000E+000	 1.585000000000000E+000	 1.887000000000000E+000	 1.970000000000000E+000	 1.072000000000000E+000	 
 2.302000000000000E+000	 5.088000000000000E+000	 1.142900000000000E+001	 2.704500000000000E+001	 1.820000000000000E+000	 2.266000000000000E+000	 2.635000000000000E+000	 3.133000000000000E+000	 1.455000000000000E+000	 
 3.184000000000000E+000	 7.524000000000000E+000	 1.479100000000000E+001	 6.614300000000000E+001	 4.127000000000000E+000	 6.240000000000000E+000	 5.496000000000000E+000	 5.350000000000000E+000	 3.139000000000000E+000	 
 7.185000000000000E+000	 1.530200000000000E+001	 3.009000000000000E+001	 6.839500000000000E+001	 4.398000000000000E+000	 6.100000000000000E+000	 6.462000000000000E+000	 6.680000000000000E+000	 4.047000000000000E+000	 
 9.564000000000000E+000	 2.054600000000000E+001	 4.042700000000000E+001	 8.571599999999999E+001	 5.982000000000000E+000	 7.275000000000000E+000	 8.577999999999999E+000	 1.023800000000000E+001	 5.900000000000000E+000	 
 1.264900000000000E+001	 2.753800000000000E+001	 5.984100000000000E+001	 1.224240000000000E+002	 8.551000000000000E+000	 1.073600000000000E+001	 1.143900000000000E+001	 1.383100000000000E+001	 8.365000000000000E+000	 
 1.811800000000000E+001	 4.002300000000000E+001	 8.507500000000000E+001	 1.666740000000000E+002	 1.306300000000000E+001	 1.521100000000000E+001	 1.620800000000000E+001	 1.786500000000000E+001	 1.123100000000000E+001	 
 2.705600000000000E+001	 5.821500000000000E+001	 1.207510000000000E+002	 2.291820000000000E+002	 1.745800000000000E+001	 2.191600000000000E+001	 2.382900000000000E+001	 2.632300000000000E+001	 1.552800000000000E+001	 
 3.767700000000000E+001	 8.297300000000000E+001	 1.690580000000000E+002	 3.433030000000000E+002	 2.800200000000000E+001	 3.411000000000000E+001	 3.777900000000000E+001	 3.943500000000000E+001	 2.435200000000000E+001	 
 5.133400000000000E+001	 1.097140000000000E+002	 2.417730000000000E+002	 4.915100000000000E+002	 3.424400000000000E+001	 4.316700000000000E+001	 4.753000000000000E+001	 5.090100000000000E+001	 3.354500000000000E+001	 
-2.147409990000000E+006	 1.600810000000000E+002	 3.233210000000000E+002	 5.199400000000001E+002	 3.661400000000000E+001	 4.980900000000000E+001	 5.499100000000000E+001	 5.789400000000000E+001	 3.401900000000000E+001	 
 8.187800000000000E+001	 1.788280000000000E+002	 3.654980000000000E+002	 7.406660000000001E+002	 5.120300000000000E+001	 7.155500000000001E+001	 7.671100000000000E+001	 8.097199999999999E+001	 4.756300000000000E+001	 
 1.111060000000000E+002	 2.421590000000000E+002	 4.956810000000000E+002	 1.000168000000000E+003	 7.156699999999999E+001	 1.004990000000000E+002	 1.082060000000000E+002	 1.139140000000000E+002	 7.158300000000000E+001	 
 
