 1.013531163362914E+000	                    NaN	                    NaN	                    NaN	 2.010552225002136E+000	                    NaN	                    NaN	                    NaN	 6.334490869274730E-001	 
 3.538632810959155E-001	                    NaN	                    NaN	                    NaN	 1.579876670785040E+000	                    NaN	                    NaN	                    NaN	 3.000484404320595E-001	 
 1.194496153747698E-001	                    NaN	                    NaN	                    NaN	 9.898336344166007E-001	                    NaN	                    NaN	                    NaN	 1.370188844562930E-001	 
 4.568377000418163E-002	                    NaN	                    NaN	                    NaN	 6.015038426461986E-001	 5.037023886129199E-001	                    NaN	                    NaN	 1.083596151668495E-001	 
 1.863329811114721E-002	 1.515385724135103E-002	                    NaN	                    NaN	 3.294697269157428E-001	 4.854789547044344E-002	                    NaN	                    NaN	 6.644832223245559E-002	 
 8.040012545201891E-003	 8.516980394334541E-004	                    NaN	                    NaN	 1.656808002741109E-001	 1.596242360207925E-002	 5.542679740468055E-002	                    NaN	 3.195799166989247E-002	 
 3.513542054224994E-003	 7.443879271902853E-005	 1.080520279857594E-004	                    NaN	 9.025163369900893E-002	 6.171992952822901E-003	 4.014615909252625E-003	                    NaN	 1.258078968822360E-002	 
 1.531542522898218E-003	 5.588824693544842E-006	 2.115566757144139E-005	                    NaN	 4.743847628696463E-002	 2.160375405213032E-003	 7.674289509145514E-004	                    NaN	 4.226503497384057E-003	 
 6.846377358061510E-004	 5.489181625548290E-007	 4.742289320170077E-008	                    NaN	 2.339497832227177E-002	 5.022644074472344E-004	 4.252950667203756E-005	                    NaN	 1.263789834117981E-003	 
 2.838533467223347E-004	 6.354991357411112E-008	 1.011838298876164E-009	                    NaN	 9.787864113868202E-003	 8.927271834771125E-005	 1.262504554778674E-006	                    NaN	 3.569651730357034E-004	 
 1.104245695477820E-004	 8.626031688147547E-009	 5.623966042313418E-011	 1.052881166766990E-011	 2.806620389272644E-003	 6.115624451903545E-005	 4.799002960661035E-007	 1.433889001232621E-006	 1.104380486905461E-004	 
 4.112701192131648E-005	 1.285806373814185E-009	 1.258950932028216E-011	 1.515364143542465E-011	 9.859677026410774E-004	 5.217219945914456E-005	 1.794620036569671E-007	 5.400982903610402E-007	 4.298334965598992E-005	 
 1.489045553395979E-005	 1.822494282733066E-010	 1.296964608726044E-011	 1.334790092831986E-011	 8.034090827420829E-004	 1.812726392452522E-005	 7.496208576538547E-008	 1.774671305195767E-007	 1.666856260125562E-005	 
 5.331393658189790E-006	 2.719083216811336E-011	 1.128625798036143E-011	 1.069620372854067E-011	 6.499722326999422E-004	 2.167116118692793E-006	 3.043864094494347E-008	 1.086313943649656E-007	 6.205238665265056E-006	 
 1.865952221429428E-006	 8.004549847351218E-012	 1.257623726840563E-011	 8.876245918848724E-012	 3.635675155285724E-004	 1.696596335477416E-006	 1.325796230189744E-008	 4.961640626731965E-008	 2.201140129752508E-006	 
 6.363877090859922E-007	 2.009138641875623E-011	 1.425087390865714E-011	 1.217807981242739E-011	 1.628208533686871E-004	 7.809904273234340E-007	 5.732551696160028E-009	 1.734322816665378E-008	 7.479145531586805E-007	 
 
