 7.936507936507936E-001	 3.125000000000000E+000	 1.250000000000000E+001	 5.000000000000000E+001	 7.936507936507936E-001	 3.125000000000000E+000	 1.250000000000000E+001	 5.000000000000000E+001	 1.992031872509960E-001	 
 5.882352941176471E-001	 2.272727272727273E+000	 8.333333333333334E+000	 2.500000000000000E+001	 5.882352941176471E-001	 2.272727272727273E+000	 8.333333333333334E+000	 2.500000000000000E+001	 1.470588235294118E-001	 
 4.310344827586207E-001	 1.724137931034483E+000	 6.250000000000000E+000	 2.500000000000000E+001	 4.310344827586207E-001	 1.724137931034483E+000	 6.250000000000000E+000	 2.500000000000000E+001	 1.082251082251082E-001	 
 3.184713375796178E-001	 1.250000000000000E+000	 5.000000000000000E+000	 1.666666666666667E+001	 3.184713375796178E-001	 1.250000000000000E+000	 5.000000000000000E+000	 1.666666666666667E+001	 7.961783439490445E-002	 
 2.336448598130841E-001	 9.259259259259259E-001	 3.571428571428572E+000	 1.250000000000000E+001	 2.336448598130841E-001	 9.259259259259259E-001	 3.571428571428572E+000	 1.250000000000000E+001	 5.854800936768150E-002	 
 1.718213058419244E-001	 6.849315068493150E-001	 2.631578947368421E+000	 1.000000000000000E+001	 1.718213058419244E-001	 6.849315068493150E-001	 2.631578947368421E+000	 1.000000000000000E+001	 4.306632213608958E-002	 
 1.265822784810127E-001	 5.050505050505051E-001	 2.000000000000000E+000	 7.142857142857143E+000	 1.265822784810127E-001	 5.050505050505051E-001	 2.000000000000000E+000	 7.142857142857143E+000	 3.168567807351078E-002	 
 9.310986964618249E-002	 3.703703703703703E-001	 1.470588235294118E+000	 5.555555555555555E+000	 9.310986964618249E-002	 3.703703703703703E-001	 1.470588235294118E+000	 5.555555555555555E+000	 2.331002331002331E-002	 
 6.858710562414266E-002	 2.732240437158470E-001	 1.086956521739130E+000	 4.166666666666667E+000	 6.858710562414266E-002	 2.732240437158470E-001	 1.086956521739130E+000	 4.166666666666667E+000	 1.715265866209262E-002	 
 5.045408678102926E-002	 2.016129032258064E-001	 8.064516129032258E-001	 3.125000000000000E+000	 5.045408678102926E-002	 2.016129032258064E-001	 8.064516129032258E-001	 3.125000000000000E+000	 1.261670451678022E-002	 
 3.711952487008166E-002	 1.483679525222552E-001	 5.882352941176471E-001	 2.272727272727273E+000	 3.711952487008166E-002	 1.483679525222552E-001	 5.882352941176471E-001	 2.272727272727273E+000	 9.281603861147207E-003	 
 2.730748225013654E-002	 1.091703056768559E-001	 4.347826086956522E-001	 1.724137931034483E+000	 2.730748225013654E-002	 1.091703056768559E-001	 4.347826086956522E-001	 1.724137931034483E+000	 6.828735318219066E-003	 
 2.008838891120932E-002	 8.025682182985554E-002	 3.205128205128205E-001	 1.282051282051282E+000	 2.008838891120932E-002	 8.025682182985554E-002	 3.205128205128205E-001	 1.282051282051282E+000	 5.023610971566362E-003	 
 1.477978125923736E-002	 5.910165484633570E-002	 2.358490566037736E-001	 9.433962264150944E-001	 1.477978125923736E-002	 5.910165484633570E-002	 2.358490566037736E-001	 9.433962264150944E-001	 3.695491500369549E-003	 
 1.087429317094389E-002	 4.347826086956522E-002	 1.736111111111111E-001	 6.944444444444444E-001	 1.087429317094389E-002	 4.347826086956522E-002	 1.736111111111111E-001	 6.944444444444444E-001	 2.718573292735972E-003	 
 8.000000000000000E-003	 3.198976327575176E-002	 1.278772378516624E-001	 5.102040816326531E-001	 8.000000000000000E-003	 3.198976327575176E-002	 1.278772378516624E-001	 5.102040816326531E-001	 2.000000000000000E-003	 
 
