 6.300000000000000E+001	 1.600000000000000E+001	 4.000000000000000E+000	 1.000000000000000E+000	 6.300000000000000E+001	 1.600000000000000E+001	 4.000000000000000E+000	 1.000000000000000E+000	 2.510000000000000E+002	 
 8.500000000000000E+001	 2.200000000000000E+001	 6.000000000000000E+000	 2.000000000000000E+000	 8.500000000000000E+001	 2.200000000000000E+001	 6.000000000000000E+000	 2.000000000000000E+000	 3.400000000000000E+002	 
 1.160000000000000E+002	 2.900000000000000E+001	 8.000000000000000E+000	 2.000000000000000E+000	 1.160000000000000E+002	 2.900000000000000E+001	 8.000000000000000E+000	 2.000000000000000E+000	 4.620000000000000E+002	 
 1.570000000000000E+002	 4.000000000000000E+001	 1.000000000000000E+001	 3.000000000000000E+000	 1.570000000000000E+002	 4.000000000000000E+001	 1.000000000000000E+001	 3.000000000000000E+000	 6.280000000000000E+002	 
 2.140000000000000E+002	 5.400000000000000E+001	 1.400000000000000E+001	 4.000000000000000E+000	 2.140000000000000E+002	 5.400000000000000E+001	 1.400000000000000E+001	 4.000000000000000E+000	 8.540000000000000E+002	 
 2.910000000000000E+002	 7.300000000000000E+001	 1.900000000000000E+001	 5.000000000000000E+000	 2.910000000000000E+002	 7.300000000000000E+001	 1.900000000000000E+001	 5.000000000000000E+000	 1.161000000000000E+003	 
 3.950000000000000E+002	 9.900000000000000E+001	 2.500000000000000E+001	 7.000000000000000E+000	 3.950000000000000E+002	 9.900000000000000E+001	 2.500000000000000E+001	 7.000000000000000E+000	 1.578000000000000E+003	 
 5.370000000000000E+002	 1.350000000000000E+002	 3.400000000000000E+001	 9.000000000000000E+000	 5.370000000000000E+002	 1.350000000000000E+002	 3.400000000000000E+001	 9.000000000000000E+000	 2.145000000000000E+003	 
 7.290000000000000E+002	 1.830000000000000E+002	 4.600000000000000E+001	 1.200000000000000E+001	 7.290000000000000E+002	 1.830000000000000E+002	 4.600000000000000E+001	 1.200000000000000E+001	 2.915000000000000E+003	 
 9.910000000000000E+002	 2.480000000000000E+002	 6.200000000000000E+001	 1.600000000000000E+001	 9.910000000000000E+002	 2.480000000000000E+002	 6.200000000000000E+001	 1.600000000000000E+001	 3.963000000000000E+003	 
 1.347000000000000E+003	 3.370000000000000E+002	 8.500000000000000E+001	 2.200000000000000E+001	 1.347000000000000E+003	 3.370000000000000E+002	 8.500000000000000E+001	 2.200000000000000E+001	 5.387000000000000E+003	 
 1.831000000000000E+003	 4.580000000000000E+002	 1.150000000000000E+002	 2.900000000000000E+001	 1.831000000000000E+003	 4.580000000000000E+002	 1.150000000000000E+002	 2.900000000000000E+001	 7.322000000000000E+003	 
 2.489000000000000E+003	 6.230000000000000E+002	 1.560000000000000E+002	 3.900000000000000E+001	 2.489000000000000E+003	 6.230000000000000E+002	 1.560000000000000E+002	 3.900000000000000E+001	 9.953000000000000E+003	 
 3.383000000000000E+003	 8.460000000000000E+002	 2.120000000000000E+002	 5.300000000000000E+001	 3.383000000000000E+003	 8.460000000000000E+002	 2.120000000000000E+002	 5.300000000000000E+001	 1.353000000000000E+004	 
 4.598000000000000E+003	 1.150000000000000E+003	 2.880000000000000E+002	 7.200000000000000E+001	 4.598000000000000E+003	 1.150000000000000E+003	 2.880000000000000E+002	 7.200000000000000E+001	 1.839200000000000E+004	 
 6.250000000000000E+003	 1.563000000000000E+003	 3.910000000000000E+002	 9.800000000000000E+001	 6.250000000000000E+003	 1.563000000000000E+003	 3.910000000000000E+002	 9.800000000000000E+001	 2.500000000000000E+004	 
 
