 2.150000000000000E-001	 3.400000000000000E-001	 5.530000000000000E-001	 8.970000000000000E-001	 4.590000000000000E-001	 5.649999999999999E-001	 7.870000000000000E-001	 1.115000000000000E+000	 2.530000000000000E-001	 
 2.810000000000000E-001	 5.060000000000000E-001	 9.250000000000000E-001	 1.883000000000000E+000	 6.400000000000000E-001	 7.140000000000000E-001	 1.119000000000000E+000	 2.150000000000000E+000	 3.030000000000000E-001	 
 4.180000000000000E-001	 6.690000000000000E-001	 1.307000000000000E+000	 1.851000000000000E+000	 8.320000000000000E-001	 9.620000000000000E-001	 1.457000000000000E+000	 2.294000000000000E+000	 4.660000000000000E-001	 
 6.330000000000000E-001	 8.650000000000000E-001	 1.395000000000000E+000	 2.653000000000000E+000	 1.179000000000000E+000	 1.336000000000000E+000	 1.911000000000000E+000	 3.131000000000000E+000	 6.310000000000000E-001	 
 7.790000000000000E-001	 1.230000000000000E+000	 1.895000000000000E+000	 3.832000000000000E+000	 1.464000000000000E+000	 1.872000000000000E+000	 3.167000000000000E+000	 4.729000000000000E+000	 1.035000000000000E+000	 
 1.272000000000000E+000	 1.976000000000000E+000	 3.226000000000000E+000	 4.690000000000000E+000	 2.597000000000000E+000	 3.144000000000000E+000	 4.427000000000000E+000	 5.948000000000000E+000	 1.394000000000000E+000	 
 1.701000000000000E+000	 2.468000000000000E+000	 4.365000000000000E+000	 6.492000000000000E+000	 3.149000000000000E+000	 3.844000000000000E+000	 5.329000000000000E+000	 8.789000000000000E+000	 1.987000000000000E+000	 
 2.330000000000000E+000	 3.349000000000000E+000	 5.685000000000000E+000	 8.762000000000000E+000	 4.275000000000000E+000	 5.123000000000000E+000	 8.233000000000001E+000	 1.092800000000000E+001	 2.403000000000000E+000	 
 2.959000000000000E+000	 5.099000000000000E+000	 8.016999999999999E+000	 1.149500000000000E+001	 5.831000000000000E+000	 7.313000000000000E+000	 9.871000000000000E+000	 1.450900000000000E+001	 3.621000000000000E+000	 
 4.078000000000000E+000	 6.627000000000000E+000	 9.849000000000000E+000	 1.559800000000000E+001	 8.436000000000000E+000	 9.242000000000001E+000	 1.277300000000000E+001	 1.924500000000000E+001	 4.347000000000000E+000	 
 5.890000000000000E+000	 9.029000000000000E+000	 1.414500000000000E+001	 2.163000000000000E+001	 1.132700000000000E+001	 1.273100000000000E+001	 1.971500000000000E+001	 2.776200000000000E+001	 5.567000000000000E+000	 
 7.039000000000000E+000	 1.034800000000000E+001	 1.945500000000000E+001	 2.537500000000000E+001	 1.347000000000000E+001	 1.864100000000000E+001	 2.407200000000000E+001	 3.404700000000000E+001	 7.393000000000000E+000	 
 1.122900000000000E+001	 1.627000000000000E+001	 2.506700000000000E+001	 3.665800000000000E+001	 1.955400000000000E+001	 2.209700000000000E+001	 3.376200000000000E+001	 4.777900000000000E+001	 1.037500000000000E+001	 
 1.284900000000000E+001	 2.265600000000000E+001	 3.630400000000000E+001	 5.149200000000000E+001	 2.486600000000000E+001	 3.504100000000000E+001	 4.800300000000000E+001	 6.377200000000000E+001	 1.460600000000000E+001	 
 1.915800000000000E+001	 3.530700000000000E+001	 5.210400000000000E+001	 7.212100000000000E+001	 3.551700000000000E+001	 4.189800000000000E+001	 6.282300000000000E+001	 7.385599999999999E+001	 1.791000000000000E+001	 
 2.217500000000000E+001	 3.425900000000000E+001	 5.880500000000000E+001	 9.453800000000000E+001	 5.466000000000000E+001	 5.770700000000000E+001	 9.413900000000000E+001	 1.145330000000000E+002	 3.095900000000000E+001	 
 
