 1.213871054009027E+000	                    NaN	                    NaN	                    NaN	 2.597322045538581E+000	                    NaN	                    NaN	                    NaN	 4.182051072942063E-002	 
 3.470303854590403E-001	 2.586067039793487E-001	                    NaN	                    NaN	 1.965215868089842E+000	 1.766541800162078E+000	                    NaN	                    NaN	 1.430132754380012E-002	 
 1.252375690239861E-001	 1.919745709877916E-002	                    NaN	                    NaN	 8.869150630131049E-001	 1.021611674809769E+000	                    NaN	                    NaN	 4.582440960135862E-003	 
 5.094285943046438E-002	 2.020401086146730E-003	                    NaN	                    NaN	 2.567575804803128E-001	 8.121336432564601E-002	                    NaN	                    NaN	 1.416315553919249E-003	 
 1.844576668792196E-002	 1.763499347125468E-004	                    NaN	                    NaN	 9.835976391844939E-002	 8.633960636920778E-003	                    NaN	                    NaN	 4.290556112653623E-004	 
 6.220039527152819E-003	 1.334123667493619E-005	 6.856659369075479E-007	                    NaN	 3.250703949148465E-002	 9.354634644728733E-004	                    NaN	                    NaN	 1.286762485756073E-004	 
 1.992238657033153E-003	 1.018658765777887E-006	 1.031036207450120E-008	                    NaN	 9.681535874296397E-003	 1.124021922098580E-004	                    NaN	                    NaN	 3.829039731178454E-005	 
 6.177086146161381E-004	 8.451856094354535E-008	 7.275787840712565E-009	                    NaN	 2.720107004202543E-003	 1.426871001299188E-005	                    NaN	                    NaN	 1.133848940505610E-005	 
 1.879758176954652E-004	 1.488466429193655E-008	 5.396298968255014E-009	 7.031928559505772E-009	 1.031958339803207E-003	 2.009656131154478E-006	                    NaN	                    NaN	 3.348637832127157E-006	 
 5.648888261744208E-005	 6.448078821667993E-009	 7.244542163711795E-009	 9.113224694498796E-009	 4.060362199186442E-004	 7.012736487954227E-007	                    NaN	                    NaN	 9.865821519686293E-007	 
 1.683229447773935E-005	 5.986579231422749E-009	 6.077707230279532E-009	 5.961362372504384E-009	 1.468098658118504E-004	 1.680496030605366E-007	                    NaN	                    NaN	 2.908818049975541E-007	 
 4.988792226526413E-006	 5.880446143410225E-009	 6.199904402216692E-009	 8.206522746619589E-009	 4.957040787507923E-005	 2.581332490898773E-008	                    NaN	                    NaN	 8.805379949485163E-008	 
 1.474126159114425E-006	 6.974603865598051E-009	 6.374967928184095E-009	 7.879387801976242E-009	 1.595080758567679E-005	 7.596318537587876E-009	                    NaN	                    NaN	 2.902980021152845E-008	 
 4.352803515244578E-007	 5.594479970255166E-009	 6.944362886581943E-009	 8.480684070440531E-009	 4.962813050429115E-006	 5.519279526908796E-009	                    NaN	                    NaN	 1.156552180212578E-008	 
 1.299675120211402E-007	 5.605913362589540E-009	 6.097212118769355E-009	 5.388490542867279E-009	 1.677030155447143E-004	 5.983537415728316E-009	                    NaN	                    NaN	 6.942032926994801E-009	 
 4.092424696119647E-008	 5.161920968584085E-009	 6.000829734847592E-009	 6.470081079709500E-009	 2.142414494812880E+001	 5.721807953490205E-009	                    NaN	                    NaN	 4.708075341239008E-009	 
 
