 4.792332268370607E-002	 1.898734177215190E-001	 7.500000000000000E-001	 3.000000000000000E+000	 4.792332268370607E-002	 1.898734177215190E-001	 7.500000000000000E-001	 3.000000000000000E+000	 1.200000000000000E-002	 
 3.529411764705882E-002	 1.401869158878505E-001	 5.555555555555556E-001	 2.142857142857143E+000	 3.529411764705882E-002	 1.401869158878505E-001	 5.555555555555556E-001	 2.142857142857143E+000	 8.823529411764706E-003	 
 2.595155709342560E-002	 1.034482758620690E-001	 4.054054054054054E-001	 1.500000000000000E+000	 2.595155709342560E-002	 1.034482758620690E-001	 4.054054054054054E-001	 1.500000000000000E+000	 6.493506493506494E-003	 
 1.910828025477707E-002	 7.614213197969544E-002	 3.000000000000000E-001	 1.153846153846154E+000	 1.910828025477707E-002	 7.614213197969544E-002	 3.000000000000000E-001	 1.153846153846154E+000	 4.777070063694267E-003	 
 1.404494382022472E-002	 5.617977528089887E-002	 2.238805970149254E-001	 8.823529411764706E-001	 1.404494382022472E-002	 5.617977528089887E-002	 2.238805970149254E-001	 8.823529411764706E-001	 3.513703443429374E-003	 
 1.033769813921434E-002	 4.132231404958678E-002	 1.648351648351648E-001	 6.521739130434783E-001	 1.033769813921434E-002	 4.132231404958678E-002	 1.648351648351648E-001	 6.521739130434783E-001	 2.585315408479835E-003	 
 7.606490872210953E-003	 3.042596348884381E-002	 1.209677419354839E-001	 4.838709677419355E-001	 7.606490872210953E-003	 3.042596348884381E-002	 1.209677419354839E-001	 4.838709677419355E-001	 1.901863826550019E-003	 
 5.594927265945543E-003	 2.235469448584203E-002	 8.928571428571429E-002	 3.571428571428572E-001	 5.594927265945543E-003	 2.235469448584203E-002	 8.928571428571429E-002	 3.571428571428572E-001	 1.398992725237829E-003	 
 4.116355653128430E-003	 1.646542261251372E-002	 6.578947368421052E-002	 2.631578947368421E-001	 4.116355653128430E-003	 1.646542261251372E-002	 6.578947368421052E-002	 2.631578947368421E-001	 1.029230135858378E-003	 
 3.028467595396729E-003	 1.210653753026634E-002	 4.838709677419355E-002	 1.923076923076923E-001	 3.028467595396729E-003	 1.210653753026634E-002	 4.838709677419355E-002	 1.923076923076923E-001	 7.571168988491823E-004	 
 2.227833061042626E-003	 8.907363420427554E-003	 3.562945368171021E-002	 1.415094339622641E-001	 2.227833061042626E-003	 8.907363420427554E-003	 3.562945368171021E-002	 1.415094339622641E-001	 5.569789461958338E-004	 
 1.638806948541462E-003	 6.553079947575360E-003	 2.617801047120419E-002	 1.041666666666667E-001	 1.638806948541462E-003	 6.553079947575360E-003	 2.617801047120419E-002	 1.041666666666667E-001	 4.097353109891011E-004	 
 1.205690860863275E-003	 4.821600771456123E-003	 1.928020565552699E-002	 7.692307692307693E-002	 1.205690860863275E-003	 4.821600771456123E-003	 1.928020565552699E-002	 7.692307692307693E-002	 3.014227152158187E-004	 
 8.869441816461685E-004	 3.547776726584674E-003	 1.419110690633870E-002	 5.660377358490566E-002	 8.869441816461685E-004	 3.547776726584674E-003	 1.419110690633870E-002	 5.660377358490566E-002	 2.217393232515854E-004	 
 6.524859715516117E-004	 2.609603340292276E-003	 1.043841336116910E-002	 4.166666666666666E-002	 6.524859715516117E-004	 2.609603340292276E-003	 1.043841336116910E-002	 4.166666666666666E-002	 1.631214928879029E-004	 
 4.800000000000000E-004	 1.919877127863817E-003	 7.676560900716479E-003	 3.067484662576687E-002	 4.800000000000000E-004	 1.919877127863817E-003	 7.676560900716479E-003	 3.067484662576687E-002	 1.200000000000000E-004	 
 
