 3.130000000000000E+002	 7.900000000000000E+001	 2.000000000000000E+001	 5.000000000000000E+000	 3.130000000000000E+002	 7.900000000000000E+001	 2.000000000000000E+001	 5.000000000000000E+000	 1.250000000000000E+003	 
 4.250000000000000E+002	 1.070000000000000E+002	 2.700000000000000E+001	 7.000000000000000E+000	 4.250000000000000E+002	 1.070000000000000E+002	 2.700000000000000E+001	 7.000000000000000E+000	 1.700000000000000E+003	 
 5.780000000000000E+002	 1.450000000000000E+002	 3.700000000000000E+001	 1.000000000000000E+001	 5.780000000000000E+002	 1.450000000000000E+002	 3.700000000000000E+001	 1.000000000000000E+001	 2.310000000000000E+003	 
 7.850000000000000E+002	 1.970000000000000E+002	 5.000000000000000E+001	 1.300000000000000E+001	 7.850000000000000E+002	 1.970000000000000E+002	 5.000000000000000E+001	 1.300000000000000E+001	 3.140000000000000E+003	 
 1.068000000000000E+003	 2.670000000000000E+002	 6.700000000000000E+001	 1.700000000000000E+001	 1.068000000000000E+003	 2.670000000000000E+002	 6.700000000000000E+001	 1.700000000000000E+001	 4.269000000000000E+003	 
 1.451000000000000E+003	 3.630000000000000E+002	 9.100000000000000E+001	 2.300000000000000E+001	 1.451000000000000E+003	 3.630000000000000E+002	 9.100000000000000E+001	 2.300000000000000E+001	 5.802000000000000E+003	 
 1.972000000000000E+003	 4.930000000000000E+002	 1.240000000000000E+002	 3.100000000000000E+001	 1.972000000000000E+003	 4.930000000000000E+002	 1.240000000000000E+002	 3.100000000000000E+001	 7.887000000000000E+003	 
 2.681000000000000E+003	 6.710000000000000E+002	 1.680000000000000E+002	 4.200000000000000E+001	 2.681000000000000E+003	 6.710000000000000E+002	 1.680000000000000E+002	 4.200000000000000E+001	 1.072200000000000E+004	 
 3.644000000000000E+003	 9.110000000000000E+002	 2.280000000000000E+002	 5.700000000000000E+001	 3.644000000000000E+003	 9.110000000000000E+002	 2.280000000000000E+002	 5.700000000000000E+001	 1.457400000000000E+004	 
 4.953000000000000E+003	 1.239000000000000E+003	 3.100000000000000E+002	 7.800000000000000E+001	 4.953000000000000E+003	 1.239000000000000E+003	 3.100000000000000E+002	 7.800000000000000E+001	 1.981200000000000E+004	 
 6.733000000000000E+003	 1.684000000000000E+003	 4.210000000000000E+002	 1.060000000000000E+002	 6.733000000000000E+003	 1.684000000000000E+003	 4.210000000000000E+002	 1.060000000000000E+002	 2.693100000000000E+004	 
 9.153000000000000E+003	 2.289000000000000E+003	 5.730000000000000E+002	 1.440000000000000E+002	 9.153000000000000E+003	 2.289000000000000E+003	 5.730000000000000E+002	 1.440000000000000E+002	 3.660900000000000E+004	 
 1.244100000000000E+004	 3.111000000000000E+003	 7.780000000000000E+002	 1.950000000000000E+002	 1.244100000000000E+004	 3.111000000000000E+003	 7.780000000000000E+002	 1.950000000000000E+002	 4.976400000000000E+004	 
 1.691200000000000E+004	 4.228000000000000E+003	 1.057000000000000E+003	 2.650000000000000E+002	 1.691200000000000E+004	 4.228000000000000E+003	 1.057000000000000E+003	 2.650000000000000E+002	 6.764700000000000E+004	 
 2.298900000000000E+004	 5.748000000000000E+003	 1.437000000000000E+003	 3.600000000000000E+002	 2.298900000000000E+004	 5.748000000000000E+003	 1.437000000000000E+003	 3.600000000000000E+002	 9.195600000000000E+004	 
 3.125000000000000E+004	 7.813000000000000E+003	 1.954000000000000E+003	 4.890000000000000E+002	 3.125000000000000E+004	 7.813000000000000E+003	 1.954000000000000E+003	 4.890000000000000E+002	 1.250000000000000E+005	 
 
