-9.602770048017248E+002	-1.576668588448385E+002
-5.924445478420550E+001	 1.946232997962391E+002
 4.412974458736848E+001	-3.128840677055664E+001
-2.799520134692730E+001	 9.192279807347418E+000
 2.704189794172046E+001	-5.365675313625752E+000
-2.771089235791118E+001	 4.307404743399674E+000
 4.329059954550556E+001	 4.352262393186060E+001
 2.415122918694882E+001	-8.613492115301760E+000
-5.761028485348813E+000	-3.954045304045852E-001
 3.288354610380014E+000	-1.454167704501893E-001
-2.354479893945638E+000	-3.346441147239276E-001
 1.736214909232365E+000	 1.130717259218508E+000
 5.121051060465520E-001	-1.196991167976508E+000
-8.178455732007113E-001	 4.737793433921268E-001
 2.367473356686774E-001	 4.205745504291300E-002
-1.173233159226762E-001	-2.539638730876524E-002
 5.721915829320934E-002	 5.835781999347429E-002
 5.459547290547600E-003	-7.286313434691569E-002
-1.493742644997879E-002	 3.631830885553435E-002
 2.023421497849729E-002	-1.879049808581935E-002
-9.965038738676371E-003	-7.436137430578374E-003
 3.252477948079289E-003	 4.162202562556011E-003
-1.446849396318638E-003	-3.841543705331648E-003
 1.418342946737108E-004	 2.134312950991619E-003
 5.338435653039268E-004	-1.330283185457527E-003
-8.493693510140821E-004	 6.787336032467486E-005
 5.269574330842215E-004	 3.452617351718870E-004
-1.306351380895699E-004	-1.882329908458354E-004
 4.644379855541291E-005	 1.133297561239413E-004
 1.516105519896195E-005	-7.491895817336742E-005
-5.241418298304936E-005	 2.605262950841242E-005
 3.965761606651697E-005	-2.670032400899725E-007
-1.826004854962273E-005	-8.881460335839656E-006
 1.928053448465941E-006	 7.868995456628576E-006
 6.992730106710961E-007	-4.702380228861599E-006
-2.625747830715299E-006	 3.012350918925820E-006
 2.100910305567909E-006	-1.109578185557495E-006
-1.227012880723078E-006	-3.778913176526415E-008
 3.792026088859118E-007	 5.270825490021540E-007
 1.041889355801561E-008	-4.526302663860978E-007
-8.610071282308175E-008	 2.301123506020924E-007
 8.594099353879597E-008	-1.052473836046885E-007
-6.927772653409196E-008	 1.684244953275313E-008
 3.906329129992858E-008	 2.747916861706349E-008
-1.447545549818925E-008	-3.033148951426569E-008
 7.189578415234440E-010	 1.772057040061144E-008
 3.908793375642172E-009	-6.454141131613691E-009
-4.087185929736079E-009	 1.798885755981449E-009
 3.365862168762367E-009	 8.391674145763732E-010
-1.759174486031305E-009	-1.353300777504803E-009
 4.766899543060095E-010	 1.001795498448774E-009
 1.758046718424361E-010	-5.023933726983376E-010
-3.026851340620647E-010	 1.869235778678110E-010
 2.302332711586326E-010	-3.400395631955257E-011
-1.325834829827313E-010	-2.968958342704821E-011
 4.512265265376025E-011	 4.824070596887654E-011
 3.113663995466683E-012	-3.904878826889209E-011
-1.658793893634228E-011	 2.213849285938634E-011
 1.377708302611450E-011	-8.300733657470632E-012
-7.658686955943360E-012	 6.378627796502227E-013
 3.388442933001051E-012	 2.318511647880848E-012
-7.066772803716338E-013	-2.846562745262675E-012
-3.987639012859420E-013	 1.915443248039724E-012
 5.973825443076890E-013	-8.289922979779826E-013
-4.554304211851732E-013	 1.423223779522248E-013
 2.665837289305661E-013	 1.257586859278266E-013
-1.222084058503142E-013	-1.679082818176321E-013
 2.899266407736544E-014	 1.234978521028560E-013
 1.920771141308107E-014	-6.151595506061753E-014
-3.013233545797944E-014	 1.551255457105581E-014
 2.121920531144634E-014	 3.478529102176669E-015
-1.288063620643722E-014	-5.623656094345942E-015
 3.684955421623019E-015	 8.485440413653323E-015
-1.337907698520407E-015	-2.786938275862144E-015
-2.386428755043620E-016	 1.508922890898927E-015
 1.844482735283764E-015	-7.490539066993209E-016
 8.463871471249197E-016	-2.914488492890753E-017
 1.657757385828130E-015	-2.384511888235908E-016
 3.571212754290989E-016	 5.762592295824206E-016
-6.758281270439623E-016	 2.425269026701712E-015
 5.628953901264360E-016	-1.776785364827548E-016
 4.813240103266139E-016	 1.309367145554293E-015
 7.355018632444804E-016	-1.033996459477154E-015
 2.013807601970914E-015	 1.081985099780909E-015
 1.233713510333606E-015	-8.142286228869662E-016
-1.376958717775870E-015	-5.978762449566660E-016
-3.116766195873623E-016	-3.268955808794760E-016
 1.174447694593733E-015	 5.560593192322219E-016
 9.020131267903919E-016	-5.576661412279174E-017
-1.958125544419277E-016	 1.608802699847225E-015
-1.065618634605425E-015	-1.135219908334592E-015
 1.537779236827026E-015	-1.983963463345949E-016
-1.223415502961133E-015	-1.077788090405309E-015
-2.050063152140032E-015	-1.649544905038365E-015
 1.469814039022402E-015	-1.804656650684644E-015
-1.097714826949107E-015	 6.604057585363360E-017
-1.724955571788150E-015	 2.157293197996280E-016
-2.125641699051704E-016	 1.259673169396830E-015
 1.041195385707227E-015	 9.386425395460191E-017
 2.662535880330526E-015	 1.216559269291699E-015
 1.159120932992583E-015	-6.475651943950506E-016
-8.662791956523748E-016	-3.489217530427971E-016
 5.999149740620526E-016	-2.755244722858615E-016
-5.219739325614074E-016	-6.992649807920123E-016
 5.135537659816801E-016	-1.551341696152638E-015
 3.127324954886490E-016	-2.054188633207071E-016
-8.762377713932543E-017	 8.215832081834347E-016
-9.062370914753157E-016	 5.007866919855868E-016
 1.622750913850864E-015	-7.042209644997604E-016
 5.362216625179288E-017	 4.842439283498954E-015
-1.560071846714265E-015	 1.089657829777083E-015
 2.356816726301101E-016	-1.138120783952906E-015
 9.419485715469579E-016	-6.425519525199523E-016
 7.676061621230357E-016	-2.769104105510280E-015
-1.777445550334191E-016	 4.562355195712853E-016
-1.022228864989201E-015	-1.632476189325542E-015
 1.439004138986743E-015	-3.147525496736678E-016
 8.318476225084249E-016	-1.870616220441654E-015
-1.446926414947660E-015	-2.367338385533790E-016
-7.660009233883075E-017	 1.313595116854616E-015
-1.681567637339514E-015	-8.130905378590343E-016
 8.918840515663652E-016	-2.441082124690587E-015
-6.332024999196769E-016	 1.909516696457873E-015
 1.317535843061306E-015	-3.730156638831300E-018
-1.023446721006743E-015	-1.179091956521492E-015
 3.950837819513060E-016	 6.522187971168934E-017
-1.206505913679530E-017	-1.174463578075610E-015
 1.189595204265750E-015	-8.212633280570903E-017
-1.596739174735083E-016	-1.459681274921588E-015
-5.156941058235963E-016	 1.270984945368477E-015
-2.751116981790099E-016	 6.364118197256254E-017
-6.275636595538438E-016	-2.285740253388410E-016
-1.842366058581080E-015	-1.362687479652124E-015
 2.350839450832304E-015	-7.810048647433859E-016
 2.095366276294395E-016	-4.281135620964959E-016
 3.489370394889718E-016	 1.590281016134364E-015
 6.653586260274057E-016	-2.102559520231669E-016
-1.194114215186353E-015	 1.061101029043957E-015
 1.740925849071426E-015	-2.600878175538773E-016
 1.024644290532977E-015	 1.534643009696295E-015
-2.209399412328066E-015	 8.426949138870077E-016
-5.543219816476330E-016	-1.402434109601202E-015
 1.365141788300954E-016	 9.298427436381194E-016
 1.391300579979937E-015	-2.500004578710589E-015
 4.468098090955649E-016	-1.458101619381572E-015
-5.998913031663528E-017	-5.040346695577973E-016
 2.247637248010286E-015	 1.439809400888789E-015
 9.506897497758402E-016	 9.428410101055603E-017
-6.191278568380554E-016	-2.671258768189915E-016
 1.714841425080903E-015	-1.006439821566706E-015
 1.436412107270956E-015	 3.548885108302994E-016
 1.802206253182038E-015	 1.330251143406676E-015
-6.499136378426636E-016	-9.675115200058994E-016
 3.789600711019941E-016	 6.339495322845239E-016
 8.943541632720657E-016	 8.800120695586529E-016
 6.803268312383068E-016	-2.836610109603671E-015
-3.752100198084078E-016	 3.983459707200182E-016
 8.137749868250334E-017	-1.649366130748926E-016
 2.565026954690471E-016	 1.312358320862583E-016
 1.088669614555597E-015	-1.958578255169191E-015
 1.810066511035014E-015	-9.111452647271191E-016
 3.173481874244397E-016	-1.033325004526885E-015
 3.610120340816817E-017	-4.220088631045963E-016
-1.003988283516870E-016	-1.399179640800733E-015
-1.368884595111538E-015	-1.356930367819559E-015
 3.830045803924086E-016	-2.094766887493985E-015
-1.010012991657184E-015	 2.793306394247479E-016
-1.377866420249926E-015	 5.595338704119962E-017
 1.331545611725438E-015	-4.791684263398146E-016
-3.473795839593164E-016	-8.151623674487730E-016
-1.136720213533659E-015	-6.907928804764779E-016
 2.060851306669714E-015	 1.463345200238837E-015
-3.126061722533155E-016	 7.434147859792701E-017
-3.858789856656393E-016	 1.113407823047866E-015
-3.130421876712564E-016	 9.006412718321832E-016
 7.725230939167000E-016	-3.886262140924649E-018
-1.329410730749318E-015	-5.582058136089055E-016
-8.685439351883804E-016	 8.885397544054796E-016
-7.089901132729405E-016	-6.451139134727107E-016
 1.277387449394631E-015	 3.634235340396346E-015
 1.398863077637871E-015	-2.276283029332985E-016
 1.415119991065830E-016	 2.438686861159091E-015
 1.183900245624644E-015	-4.515870929081484E-016
 5.577515330903821E-016	-7.341652585902386E-016
-8.146841080652139E-016	 5.400787692992291E-016
-1.072494829564726E-016	-2.382188392952199E-017
-1.049388631724655E-016	 1.495919066860928E-015
 9.235634954703285E-016	-2.134051809552709E-016
 1.123982245177309E-016	-1.518694422245050E-016
 4.069512647207912E-016	 6.950447789784082E-017
 2.271838725897537E-015	-6.789043603913997E-016
 2.773421861655060E-015	-7.868296698570800E-016
 3.476559510517542E-016	-7.362175322395631E-016
-4.783658000748892E-016	 1.241187269329333E-015
-2.775080129795396E-017	-1.018446014744666E-015
 2.463493826824655E-015	-6.776153135562386E-016
-5.199564090843544E-016	 1.280744235828503E-015
-8.103227268797360E-016	 1.084544350270084E-016
-1.734646585865915E-015	 2.736943928668973E-015
 1.632067704400784E-015	-4.223492572827438E-016
-1.399744813374145E-015	 3.725567467330524E-016
 2.407260630115398E-015	-6.074120739096661E-016
 2.297758937641015E-015	 9.552508233131114E-016
 3.192006715923500E-016	-1.364423779174595E-015
-2.140187533690430E-015	-5.485672773338058E-016
 9.547465051075352E-016	 9.758935407204039E-016
-1.170421668424184E-015	-2.247460414815854E-016
 6.575859925237134E-017	-1.849975204900145E-015
-1.585115525249582E-015	-3.808664648052369E-016
-2.695518595617607E-015	 5.512731074570118E-016
 7.222327060462082E-017	 1.449477283259585E-015
-1.566291189628715E-015	-2.063517616421560E-015
 5.246254199590382E-016	 3.786481792910461E-016
-1.752054196482245E-015	-1.409034923432604E-015
 7.453814800725938E-016	-1.717695938428147E-015
 1.575088895561351E-016	 7.387973771119430E-016
 1.357965087328333E-015	-2.012177063772258E-016
 8.157367180633208E-016	-1.365810841851810E-016
 3.803162101662975E-016	 8.607611543254992E-016
 3.867731035781326E-016	-9.388589413923289E-016
-2.206369422602417E-016	-1.068150708225444E-015
 3.596731613773630E-016	-9.631146589773207E-016
 8.809009231660184E-016	-1.991991084359926E-015
 1.773117418611411E-015	-1.935227887571935E-015
-1.876238664477586E-015	 7.080082512341827E-016
 1.206534048340774E-015	-7.797227797385019E-016
-1.181701994661344E-015	-1.439454510411956E-016
-1.215240028799763E-015	 1.049076510512394E-015
 9.972244469964630E-016	-6.759985428561842E-017
-7.221123993917060E-016	 1.726236145211973E-015
-1.083402720531471E-015	 1.891037298587368E-015
-6.389998934750963E-016	 1.810790524324526E-015
-5.307040736856924E-016	-6.417784036173969E-016
 1.133172340386661E-015	-7.342847464185775E-016
-5.032285980565859E-016	 3.115621568762573E-016
-2.793980914850416E-015	-7.130369352904532E-016
-3.170759736876825E-016	-2.478315486496269E-015
 1.358769409062400E-016	 1.192643423026993E-015
-6.018632175461322E-016	 4.126197081845778E-017
 4.316586888947373E-016	-1.331610615998972E-015
-6.698553677234588E-016	 1.406391697440905E-015
 7.550246119348898E-016	-1.173136306540025E-016
-1.154651281588631E-015	-4.043182617238255E-016
-6.226224787985112E-016	-8.282824558760315E-016
-1.358666955621850E-015	 8.903249344978058E-016
-6.867543622999346E-016	-1.183736898292563E-015
 4.094359233838182E-016	-2.780773762345618E-016
-3.279586614745224E-016	 2.171112971735748E-016
 4.493914711104309E-016	-9.778145480752510E-016
 1.520409226854784E-015	-9.181090755058835E-016
 1.136682825526821E-015	-1.839013742523610E-015
 1.455108485805300E-015	 3.834343453148511E-016
-3.640866571987455E-016	 1.037471902498051E-015
 4.724568930034073E-016	-7.339408131879388E-016
 7.124959683889390E-016	-2.271339267199810E-016
 1.799224566859702E-016	 1.032621925828009E-015
-2.717429898301644E-015	 1.312133345700609E-015
-1.759698543380516E-015	 6.929046434008576E-016
 1.205345379684708E-015	-7.870081042501714E-016
 3.011361891025561E-018	-3.717886305760657E-016
 5.938811786553953E-016	-1.768700335069312E-015
-1.615578701539021E-016	-2.040195927010654E-015
-9.352304493294269E-016	-5.477731518227225E-016
-9.005260119072803E-016	-1.380910178551804E-015
-4.182182707898121E-017	 2.975356998031732E-017
 5.623687019036919E-016	 7.365143956546904E-016
 1.515742928792659E-015	 7.730419952208344E-016
 2.576318225225830E-015	-2.379954367437216E-016
 1.845462524400307E-015	 2.242440369068852E-016
 1.514267582176914E-015	 8.697871373422380E-016
 1.053233692906350E-015	-1.433701039638505E-015
-2.330145426827899E-015	-2.429425888732746E-015
-1.334219864181856E-015	-1.855222301866009E-015
-1.000482175724452E-015	-2.445857325553739E-015
 4.573050373712082E-016	 2.588347043911907E-016
-1.466037950802907E-015	-1.580115188226942E-016
-5.237422130434253E-016	-8.214277776676020E-016
 1.576398750441383E-015	-9.554373997958502E-016
-1.801440340909669E-017	-1.326665447640784E-016
-3.400097477237007E-015	-3.503081840074308E-016
 3.855100072488473E-016	-9.100938869157699E-016
-3.355532499035248E-015	-7.882344514719046E-016
 5.543712770973240E-016	 4.700216341731757E-016
-4.108394686008376E-016	 6.308343109207807E-016
-9.962923043951204E-016	-8.729745891658967E-016
 6.114863969614305E-016	 9.825498250335712E-016
 1.092624347917223E-015	 8.256672804873822E-016
-4.158364188064629E-016	-1.838812369843131E-015
-1.043516290208876E-015	 1.389230369720955E-015
 1.815387156251395E-015	-1.698125014873819E-015
 3.351483672787980E-017	-3.562611003625492E-016
 5.994546934740973E-017	 3.432432463244362E-017
 1.198473172894551E-015	-1.101206811003833E-015
 5.792675228510696E-017	-2.170748145973013E-016
-8.513479511569503E-016	-5.452825267334883E-016
-4.445477243824357E-016	-2.478327034948756E-015
-3.380288954566533E-016	 1.541897145866486E-015
 6.075889035147477E-016	-9.866771360107955E-016
-1.290231642485195E-016	-6.351263758328814E-016
-1.382634866795401E-015	-1.139391929844994E-015
-1.049368355122924E-016	-2.080082628224727E-016
-2.145276874749254E-016	 4.099416561226317E-016
-1.198038825934623E-015	-1.593500899852735E-015
-1.148399307757925E-016	-1.721235786230447E-015
-1.909016063199595E-015	-8.787143606523171E-016
 2.170522526273562E-016	-5.798901545847907E-016
-1.117869457308027E-015	-5.565863481832951E-016
 1.306561961677548E-015	-1.520132112640006E-015
 4.218944291451555E-016	 1.076941742804803E-015
 1.569443447276523E-015	 4.347295665555024E-017
 3.629467724667302E-016	 6.880072521429876E-016
 5.633013063880593E-016	 5.147449837497835E-016
 2.975920039819526E-017	 3.795440696332647E-016
 2.290331954114242E-016	-1.451651019224454E-015
-4.473967956064366E-016	-5.555762550377969E-016
-2.308685264335331E-015	 2.169770905120308E-015
-3.196162049608423E-016	 4.861274452867045E-016
 3.916718856987419E-016	-4.812985193354886E-016
-7.269483816659981E-016	-6.444975798394090E-016
-4.377537546945522E-016	 7.780430559658294E-016
-2.682143319405550E-015	-1.332453474850125E-015
-4.812034727331884E-017	 1.716992143343917E-015
-2.899488959034059E-016	 6.352096175727473E-016
-1.085100060901652E-015	 6.038574988284079E-016
-1.998837922046995E-016	 8.173831801333868E-016
 1.225927579400250E-015	 1.109485110993981E-015
-6.652957702988122E-016	-1.742709582398506E-016
-8.742027752466388E-017	-8.627289152082440E-016
 1.112581986044170E-015	 1.484009213343898E-015
-7.858671430421683E-016	 1.032976793335990E-015
 7.646484689876312E-016	 2.600466430447053E-015
 7.054658362470894E-016	-5.489523484692786E-016
 6.322515740241267E-016	-6.188133066588637E-016
-1.987705847988480E-015	-1.452773103134276E-015
-7.701308101364371E-016	-1.320430798746277E-015
 9.781715928347705E-018	-9.234478785785058E-016
 1.597675448973769E-015	 5.559790037092741E-016
-2.273005711293676E-015	-9.027709073822845E-016
 3.063762266468371E-016	 1.420329912585122E-015
 1.630744912634208E-015	-4.755701313362854E-016
 3.429914028751111E-016	-6.090289360824767E-017
 1.127741023461188E-015	 8.219137081361936E-016
 7.747271023976894E-016	-1.117226046548171E-015
 2.316896370235919E-015	-1.593203839381152E-015
 1.116311859734127E-015	-9.354352145950581E-016
-9.695664659627853E-016	 5.493942272483636E-016
-4.695592010726819E-016	 1.672779446555013E-016
 3.310836670690397E-016	 6.918140558814514E-016
-1.105002529772312E-015	-8.387422457943655E-016
 5.767720049002828E-016	 2.656812184831272E-015
-6.050582335458585E-017	-7.553287905628799E-016
 5.101698033179464E-016	 8.305982898659819E-016
 1.512626579013107E-015	-1.003974719192347E-015
-5.587155651353101E-016	-1.120513121545340E-015
 4.359228007599579E-016	-6.395368872879506E-017
-1.231278935870900E-015	 2.339537910342522E-016
-9.953889578920824E-016	-8.775787632717209E-016
 1.823816636176090E-015	 3.471519670829571E-017
-4.524089744424735E-016	-8.616147626017498E-016
 4.444395306549943E-016	 1.049148157062371E-015
-1.978232390609137E-016	 7.895231947346447E-016
-3.917396069866519E-015	-9.323604552902164E-016
-2.353740850459320E-015	 6.864592753542965E-017
 7.327892668043970E-016	-9.634532810839189E-016
-3.184143947696338E-016	-6.516619280779886E-016
 2.876641746596509E-016	-1.190796366777364E-015
 2.260385138362329E-016	-5.370990083451606E-016
 2.085086799556125E-015	 4.464783753453075E-016
 1.421784083348591E-015	-1.296072788642237E-015
 4.805949850095450E-016	-1.095569856721842E-015
-1.468829532477695E-016	-1.381526480278919E-015
 3.811361252503507E-016	 2.339818340741734E-016
 2.525604845587226E-016	 1.740778199611956E-016
 4.466705256872335E-016	-1.567654005154516E-015
 3.780140643571969E-016	 5.281283691362031E-016
 7.077531254860014E-016	-9.522960040354239E-016
 6.755173183339559E-016	-1.170192200856374E-015
-1.852008589901008E-015	-3.034300917605366E-016
 3.325182628187938E-016	-1.162756808151669E-015
-1.084450767921772E-016	-1.923863917340275E-015
 1.949274866445580E-016	 9.318851536481458E-016
 6.960004902165274E-017	 1.025097162444871E-015
 6.557818460130804E-016	 7.671671634905254E-016
 8.718275993506980E-016	-2.829632838153207E-016
 9.658622329004795E-016	-9.538767716442920E-017
-6.177825659922504E-016	 1.266861464571556E-015
 1.272563514204105E-015	 1.575497086251406E-017
-2.563950649400324E-016	 3.291215302159944E-016
-1.599500619153606E-015	 1.805044221902798E-016
-1.623467465845726E-015	 3.493155430206608E-016
-7.214869079474593E-016	-1.089467052652512E-016
 5.534106974825851E-016	-3.234260148040807E-015
-4.478432995560592E-016	-2.012669821864868E-016
-7.190410323654484E-016	 6.812100650220080E-016
-7.853985047011041E-017	 2.825168836756048E-016
 6.229083421415697E-016	-1.810757956970051E-016
 5.068793523775996E-016	 2.272868021263885E-016
-7.941994410519948E-016	 2.672981975436741E-016
-5.283131306470212E-016	 2.361673884372115E-016
 1.122586282462513E-015	-1.167213107940765E-016
-1.322428929414959E-016	-3.598822918018097E-016
-2.396871837045112E-016	-6.941806519496822E-016
 3.666168609793134E-016	-2.008565350473537E-016
-1.534570039846814E-016	 6.991063562162983E-018
 3.823075180464276E-016	-4.324066938318326E-017
 6.718523664806557E-016	-4.768789798928594E-016
-1.438207770186001E-016	 7.435935225470093E-016
-1.626809774109816E-015	 3.863124973989727E-016
-3.319230872262461E-016	 2.428701137885068E-016
-5.410868785763165E-016	 2.538789351553438E-016
-9.162222455438836E-016	-2.451414731204924E-016
-4.566908697261771E-016	 1.961879328778173E-016
 5.208965739349631E-016	-8.457301372028263E-016
 2.833672330292756E-016	-1.085629531353727E-016
-2.683493561366144E-016	 1.594302255166644E-016
-6.624425606197603E-017	 9.124776680637088E-017
-4.967117776403074E-016	 8.006291819587877E-016
 1.537295569046844E-015	 1.118958487807520E-015
 7.313283223074806E-016	-1.653974300128117E-016
 2.175953804645603E-016	 1.210307262634768E-015
 5.436606858818201E-016	-3.694095919008247E-016
-1.135504533670278E-015	-1.882602059483236E-017
-6.942571652922225E-016	-5.935905926717996E-016
 3.159659088734055E-016	 6.596892320448780E-016
-3.683628148376014E-016	-2.677810522258445E-016
 1.061185545257479E-016	-1.137459953531507E-016
-5.861962089509274E-016	-7.123357541183799E-016
 2.498997804613924E-017	-6.130693613034050E-016
-3.920822693764548E-016	 3.329925852866480E-016
-9.226054798038906E-016	 1.475784485075702E-015
 1.253369802822608E-016	-1.020539161524330E-015
 1.002173884129515E-015	 9.578408035250932E-016
 3.709779511495085E-016	 1.919507298102524E-016
-1.591168923957814E-016	 1.155215645519108E-015
-6.661699280952779E-016	 3.931661951052171E-016
 6.638239801803453E-016	 1.551260093266024E-015
 2.160445098105569E-016	-9.944354900879103E-017
-3.004858978890959E-015	 5.373458802395363E-016
-4.779271340213892E-017	-1.028761401260708E-016
-2.912660960501323E-016	-8.006151575039182E-016
 3.318376159509360E-017	 5.270534675926061E-016
 2.998954310352978E-015	-1.931930543410766E-015
-5.934352393285231E-016	 5.108196791170925E-016
 8.990318574318341E-016	 5.575528362826112E-016
-1.720466967735667E-016	-3.146908810510807E-016
-1.441355725115419E-016	 4.552446057385953E-016
-5.506516669779669E-016	 2.031690254013435E-016
 1.191798133842965E-015	 7.048221701377931E-016
-8.631641299961587E-016	-1.055501279708598E-016
-1.224501353219216E-016	 1.025786213138862E-015
 3.300472054420515E-016	-3.831929367907758E-016
 4.862939101064370E-017	 1.142461383612282E-015
-9.859383997380101E-016	-7.868898898273295E-016
 3.820258916170805E-016	 2.138150887632487E-017
 5.414715817701506E-016	 2.798622821946378E-017
 5.394261333923104E-016	-7.118030170981140E-016
 4.144336991670513E-016	 1.450006089090334E-016
 6.973693899630450E-016	-1.667672992488437E-016
-3.161816352180141E-017	-5.308946783356788E-016
 1.301616954678619E-016	 1.959580347168476E-016
 6.262838752887059E-016	-7.543316157752877E-016
-1.082231941519233E-016	-2.590805558111344E-017
 4.446635307187506E-016	-9.280421139939939E-017
 4.488739915107779E-016	-6.374968831347650E-016
 9.500998122317859E-016	 1.860166942975214E-017
 5.939539963878096E-018	 4.791131156519507E-016
 2.712304119683029E-016	-5.862291695611314E-016
 2.489228731781246E-016	-5.624695395990094E-016
-3.135727797272807E-016	-1.750350597351603E-016
-1.237525469682024E-015	 2.378188569388979E-016
-4.990696256416613E-016	-5.462687992004043E-016
-4.541163619480194E-017	-5.313728336572065E-017
 2.814865012079886E-016	 6.141865016654211E-016
-1.094148808587717E-015	-7.055854829061964E-017
-3.877433841552982E-016	 4.064602191891091E-016
 2.137331349894391E-015	 7.330858515982502E-016
-3.654898997714348E-016	 3.988748955527435E-017
 1.105499562176658E-015	 2.578764051257739E-016
 2.834335483346363E-017	 3.777576288270733E-017
 3.978502240973452E-016	-5.920373279964286E-016
-3.636559571598599E-016	 6.963626148499802E-016
 8.442133403350039E-016	-7.634732079853795E-016
-8.806847609520317E-017	-5.624252634451671E-016
-4.439944430426571E-016	-2.607452747642996E-016
-1.325354802705682E-016	-1.747433991241513E-017
-4.010769844611213E-016	-6.836245085304204E-016
-1.846105419382940E-016	-4.324283135981178E-017
 3.588782753838994E-017	 3.411525316134032E-016
 4.089984442891772E-018	 1.536148284090538E-016
 9.599160741227539E-016	-9.156534150150625E-016
 1.746990936599954E-017	 2.167648153027905E-016
 4.848168391621162E-016	 6.081512466449466E-018
 2.833549201410440E-016	 1.906593655006052E-016
 1.812378173593036E-016	-1.152631048026947E-015
-5.173066505746284E-016	-1.998501438257841E-016
 1.651652652109581E-015	-1.528118010942748E-015
 1.357858002848481E-017	 2.168810827177739E-017
 1.082852656484774E-015	-4.603529040572925E-015
-5.239626095386274E-016	 4.211044243426790E-016
-6.553678099136417E-016	-1.083330144677206E-015
-3.461013696670420E-017	-2.362796932902765E-016
-4.182413115943098E-016	 3.478613685286414E-016
 2.579464003777778E-016	 1.080631430413180E-016
-4.781523651582028E-016	-7.435535123909077E-017
-4.189656174563729E-017	-5.437224910186929E-016
 5.663468239205283E-016	 2.380065548138589E-017
-4.608451557536616E-016	 6.788770839714147E-016
-2.653712947606179E-016	 1.634260783836868E-015
-1.096203694146713E-015	 6.527638575457901E-016
-6.519987375073773E-016	 1.137254733268511E-015
-8.944128655092809E-016	-5.767201165014313E-016
 2.249047306061944E-016	-1.367574993608977E-016
-4.629318642500893E-016	 3.189580968765756E-016
-2.329498150941315E-016	-2.078596835380887E-016
 4.188535219125671E-016	 1.476838757215949E-015
-8.062907649546561E-016	 1.309107548342667E-015
-1.627718516537090E-016	 2.224558740757525E-016
 1.245963372829288E-015	 2.097574577625017E-015
 7.274912385052698E-016	 4.458439498020555E-016
 2.716856937333611E-016	 5.801875416213730E-016
 4.623362072320137E-016	 1.110579716875221E-016
 4.418996916529882E-016	 9.752815172179653E-016
-4.682904022246610E-016	 2.427705814571060E-016
 3.737656195621988E-016	-3.027699103635777E-016
 4.032035772512331E-016	 1.298539956882143E-015
 6.750061654138273E-016	 2.820452025626028E-016
 1.386310558112827E-016	-1.849883631139065E-016
 6.973168561374326E-016	-3.972892257726721E-015
-2.318421292889119E-016	 6.209298535848804E-016
 1.301206740590416E-015	-1.875482318915109E-015
-9.183614433770136E-017	 1.257820712568465E-016
 1.712387236141226E-015	-3.118512060179119E-016
 9.988042180621110E-017	 1.258114049782927E-015
 8.399664714000620E-016	 1.036062251216735E-015
-1.125732098123860E-016	-3.130926485305856E-016
-6.755570685273925E-016	-1.568320638410379E-015
 2.451201389261078E-016	 1.880237607876014E-016
-2.320963505294243E-017	-8.503315924410347E-017
 6.179403764905491E-016	 6.163499742619944E-016
-1.789389384091185E-016	-9.072238348072415E-016
-6.622977653835593E-017	 3.813993593085945E-016
-7.338487983239908E-016	-9.574104658552814E-016
-3.410542153891640E-016	-1.715610101190772E-016
-4.149293293032049E-016	-8.752731027277701E-016
 3.329633864034358E-016	-8.250392081281666E-016
-3.497445000481673E-016	-5.254166362159475E-017
-3.370760363849259E-016	 5.485852044335877E-017
 1.500937215948602E-015	 2.213075470537185E-016
-9.868289115110024E-017	 2.489276651790545E-016
 1.572291855333902E-015	 2.188197869807866E-015
 1.100901603837655E-017	 2.767453491979635E-016
-4.469440341566948E-016	-1.334373034791649E-016
-1.023947172908029E-016	-2.818801265605217E-016
 4.276936144528511E-016	-5.241199938837403E-016
 3.998656856567142E-016	 3.330846967926686E-016
-5.289179185761113E-016	 4.829353320322730E-016
 1.017834600194825E-016	 5.623811999749403E-016
 2.823601036812509E-016	-8.556748222298682E-016
 9.921826574779355E-017	-1.800322613927115E-017
-5.079439758127622E-017	 6.798430704957141E-016
 5.199321564751412E-017	-4.048509673226458E-016
 3.908024647665630E-017	 7.737656769229521E-017
-5.289513226542473E-016	-5.418600339683277E-017
-1.442941914360172E-016	-1.056959765881851E-016
-4.806753114617377E-016	 6.365690478715554E-016
 4.029069999597235E-017	-4.063490817898588E-016
-4.146448867836127E-016	 2.785417115529336E-016
-1.911433106199489E-016	-2.900396346250805E-016
-4.249814763009875E-016	-1.743153363050594E-016
 1.208977408458500E-016	 3.144349991215939E-016
 6.241675975380865E-016	 4.662684961631924E-016
-1.537866393429263E-016	-3.902497197202470E-016
 3.098517689806537E-016	 4.320559660896313E-016
-5.065922355875871E-016	 1.037618274981924E-015
-9.509955577808745E-017	 5.323833746351797E-016
 4.416225187833229E-016	 2.824758593157863E-016
-3.037874410863346E-016	 4.705396182450081E-016
 2.720517222753579E-016	 9.171297060216782E-016
 2.757055033679879E-016	 8.627814641296098E-017
 8.037647299996341E-017	 5.985030979880760E-016
-1.190365555151014E-016	 1.212625295186251E-016
 2.044632912726035E-015	 8.013073099315195E-016
-6.388323902791206E-016	 1.333142491521101E-016
 2.673725448300052E-015	-1.869569818343223E-015
 2.051352369206369E-016	 4.041594479299301E-017
-1.285561578962177E-015	 1.729356775124944E-016
-6.513445243030453E-016	-2.325924032567860E-016
-1.969011703170462E-015	 1.279414778099992E-015
-2.757028527017270E-016	 5.101558149461775E-016
 1.037872247310016E-015	 1.936514161270158E-015
 3.999849520734838E-017	 1.511588544413946E-016
-6.871608433159991E-016	 3.157469176495332E-016
-3.857793882791704E-016	 6.925459337817950E-016
-8.043153350261517E-017	 1.402816066815562E-015
 1.977976558336036E-016	 3.573852284985554E-016
-7.218217298299993E-016	 1.730013082110365E-015
-1.716481038132517E-016	-5.458543198340974E-016
-8.410737051082037E-016	 2.995130858336996E-016
 5.062994526845471E-016	-2.274104477286625E-017
 2.519515673431126E-016	-4.059538015948638E-016
-3.410909180239295E-016	-9.974764388190457E-017
 2.101316693132678E-016	-1.802644217225198E-016
-1.536327463143895E-016	 7.040749783720377E-016
 2.040281592127231E-016	-3.869780201636504E-016
 2.196921966894432E-016	-6.311714538317667E-016
 6.488512944355916E-016	-4.178830052637443E-016
-2.800596353751171E-016	-6.020346281048158E-016
-1.108723304974107E-016	 2.049490647628562E-015
-3.561419714514123E-016	 1.079495946628669E-015
 6.986546677702563E-016	-1.120539823145962E-015
-4.232364226683638E-016	-1.028488249795419E-017
 5.669283833834217E-016	-2.623484416575617E-016
 9.528609446587042E-016	-3.073160813534909E-016
 1.666043493572313E-016	-1.416382338012910E-016
-6.300945313597837E-017	 1.147765911320668E-015
 2.095834340860677E-016	 1.171686363752275E-015
 1.540952823034908E-016	 3.515448112672867E-016
-1.307943768307709E-015	 2.611879646198185E-017
 3.475073151849957E-016	-4.427886592165921E-016
-4.894449684319995E-017	-4.366317746088852E-016
-1.457918520284110E-016	 8.390933115033545E-016
-3.215841837514224E-016	 2.855224262108667E-016
-8.288559896850213E-016	 2.816204296531127E-016
-2.108407274700922E-016	-5.745551251642859E-018
 3.904946983948911E-016	 6.363902010161737E-016
-2.478587269640615E-016	 4.881928844273456E-016
 4.433742481648725E-016	 6.984555264991990E-016
-5.520352477541129E-016	 3.338100497810789E-016
 3.076243082851305E-016	-7.713604482471622E-017
-9.417460373477002E-016	 3.991157338047645E-016
-9.655925823198645E-017	-9.156868238817197E-016
 7.320011140006825E-016	-9.974214780722171E-017
 3.674111105269965E-016	 9.940340547468131E-016
-9.234518964080983E-017	-3.519792675568817E-015
 2.155882935163406E-016	 4.603412926465895E-017
 4.333129528216561E-017	 9.731424350416408E-016
-8.484422119272438E-016	 4.955110692145439E-016
-7.061170426627610E-017	-4.985214010996982E-016
-6.143379148299123E-017	 1.460901254924456E-015
-2.057813454618806E-016	 1.295596840769226E-015
 1.230014180724287E-016	-1.174107996612304E-015
 1.226406609972574E-015	-2.594278278104093E-016
-6.525823622921436E-017	-2.994566381895948E-016
 7.468996462195442E-017	-1.173721633921414E-015
-6.994668779161374E-016	-9.302221347970793E-016
-3.060051345093265E-016	-7.363857237191669E-016
 1.967631586451957E-015	-3.501661762943384E-016
 1.504482248532058E-015	 1.619846437610479E-015
 7.477409761327261E-017	 2.361774146815718E-016
-5.958814597594551E-016	-4.169178250867777E-016
 5.789525974187445E-016	-1.063375492668808E-015
 2.349368836954584E-016	 2.205182917323250E-016
-9.735745875189545E-016	 1.884141800969133E-016
 4.594557336810391E-016	 2.254886915364648E-015
 3.163837453121518E-016	 7.222168274593208E-016
-1.162303349553910E-015	-1.252728737906423E-015
 7.984086513268522E-016	-6.196873074852075E-016
 1.216028000683423E-015	-4.533080886554808E-016
 1.222552484853779E-015	 8.597542633493865E-016
 2.420168888544397E-016	 1.190762514208576E-015
-3.735503853121763E-016	-3.349449648795025E-017
 2.614472455234098E-015	 7.397262983738826E-016
-1.383057355201408E-016	-1.818221489532203E-017
-1.469401964581779E-015	-1.736521796835399E-015
-1.301576065639985E-015	 3.622011817068531E-016
 1.386227023321235E-015	 7.272127959951355E-016
-2.051585357225466E-015	 2.335624033656492E-015
-1.125049999807195E-015	 8.490882983571181E-016
 4.382946227469904E-016	-5.838195762349331E-016
-2.639831366646336E-016	 6.906757885206168E-016
-9.676883990932362E-016	 1.290390171641256E-016
-4.031499210436519E-016	-1.233216154259901E-015
-1.558382160493574E-015	 1.328645202269845E-015
 3.073337459306511E-015	 1.971770948402605E-015
 8.560432645374989E-016	-2.131570532624331E-015
-1.144069753567976E-015	 1.019625626730393E-015
 9.697162874151752E-016	 9.258074491271741E-016
-1.164628921861277E-015	-7.740853947121323E-016
-2.488616130361474E-016	 1.713872449292451E-016
-4.002278162450722E-016	 6.471164397258693E-016
 1.139984829231426E-015	 2.219011112274071E-016
 1.329123367566590E-015	-2.073738940069327E-015
-2.825950118601043E-016	-1.035664566893237E-015
 2.694661218689450E-015	 7.926910717083691E-016
 8.587399491433577E-016	 6.322360194615542E-016
 2.126130175003738E-015	 6.636365326819236E-016
-3.068900275353849E-016	 1.096406224378914E-015
-4.926831462672146E-016	-2.491691091122467E-015
-7.098218815774784E-016	 1.186468440115529E-015
 3.750962746829847E-016	-4.071169838935273E-016
-1.297637920777724E-015	 2.211799589183724E-016
-6.817517826354669E-016	-1.247108962862244E-015
 1.908544090755622E-015	 7.558138290830101E-016
 7.039266056314798E-016	-8.555762956587573E-016
-1.718225920507054E-016	 8.930016664186399E-016
-7.388118515345186E-016	 2.226798206759263E-016
-4.489236741940650E-016	-6.206133312245858E-016
 1.460112092045011E-016	-1.781797477920436E-015
 7.412199343858395E-016	-1.475237250134353E-016
-6.783201262231587E-016	-1.819911670780282E-015
 8.763411204254780E-016	 2.645537626122666E-016
-3.276881965429874E-016	-1.317379987926800E-015
-1.628667523350896E-015	 9.201093978699355E-016
 1.072706037749111E-015	 1.602619124199059E-015
 2.089155916809529E-015	-3.944387765353229E-016
 1.369595960010826E-015	-7.011180687982018E-016
-1.506802642416060E-015	-1.216504140393770E-015
 2.297655468463961E-016	 3.134729975529470E-016
-3.915653402181836E-016	-2.175770188633878E-015
-1.540651419370266E-015	 4.841395040426883E-016
 3.098539407556085E-016	-3.177154292467412E-016
 4.561783889430383E-016	-1.131579695298083E-015
 7.361966368599509E-017	-6.652763201689746E-016
 1.695894352125833E-015	-1.766877440528618E-015
 3.454996864065672E-016	 1.953068817659822E-015
 3.831485701857100E-015	-7.385586713324334E-016
-1.640940087136102E-015	-4.173058418793050E-016
 1.415249958215302E-015	-3.305293587038106E-016
-1.014471382996006E-016	-1.789224476442901E-016
-6.386372231011762E-016	 8.573684293340754E-018
-1.493494502016550E-015	-5.279756247307791E-016
-4.779878426449620E-016	 7.189923505130975E-016
-2.244900432420309E-015	 4.267149752639864E-016
-1.069637717146522E-015	-1.113155585131905E-015
 2.484062234726957E-016	 9.227148678622071E-016
 1.225119099619660E-015	 6.031013250787097E-016
 9.918863542576285E-016	 4.718156003684261E-016
 1.293271685253555E-015	 7.221831368295525E-016
-1.590959500341471E-015	-1.133747601835639E-016
-6.024530658200724E-016	-2.036892905837434E-015
 9.629894520023422E-016	-2.061662266020586E-015
 4.059292981701030E-017	-1.991361992241359E-015
 9.374410361371630E-016	-1.283958864298678E-015
-2.020550935450184E-015	 1.130723388233733E-015
-9.020123011525049E-016	 2.217061681910467E-015
-1.654073798717593E-015	-2.412274695744967E-015
-1.783107129356128E-015	 6.749567424768755E-016
-1.286391453637550E-015	 6.654568095180610E-016
 2.049498660806325E-015	 5.285828561878169E-016
 7.587695689622513E-016	 1.069948703958953E-015
 8.820520281252964E-016	 9.152330223149384E-017
 3.135874019974895E-016	 1.186704987634550E-015
-3.948196580320079E-016	-1.675378436100323E-016
-8.565109705400986E-016	 8.795520855687838E-016
 1.438657283090810E-015	 1.505535608095702E-015
-6.146303754487954E-017	-2.520708652873269E-015
 2.841882444165442E-016	 2.697930767015562E-016
 1.199476437911388E-015	 2.213603178034889E-015
-2.608361486813967E-016	 3.342511286984101E-017
-2.185106431897929E-016	-1.711683434939569E-015
-4.610395090690157E-016	 1.454284374062080E-015
 5.142505443577538E-016	-2.015049239348957E-015
 1.799762745312116E-016	 5.659334863316803E-016
-2.494096765223845E-015	-2.383763023573194E-015
 1.465215837632931E-015	 6.250422418555098E-016
-3.618804140424166E-016	 3.332066549876616E-015
-4.333977349868278E-016	 1.053128927055869E-015
 1.853846151936646E-015	 1.182805869330305E-015
-1.846247925592315E-015	 7.936138044384768E-019
-1.936726099314541E-015	 7.154626680611845E-016
-4.652874012435616E-016	-2.123194736192902E-016
-1.216437060011530E-015	-7.487975578694943E-016
-2.434848712950072E-015	-1.461714904672188E-015
-2.194776294149346E-015	-7.248429658766550E-016
-1.036576338345950E-015	-4.866842588205714E-016
 4.261759392061428E-016	 4.213229482600434E-017
-4.408489765482578E-016	-2.033234670812950E-016
-1.781051382964524E-015	-8.740249402561579E-016
-2.504363431912719E-015	-3.140150586945998E-016
 2.470556726536154E-016	-4.804891666730334E-017
-7.101991255378064E-016	-9.528074229102981E-016
 1.597322924019120E-015	 5.938618170055279E-016
-3.849814028139035E-016	 2.587801068428525E-016
 6.115450349783027E-016	 3.596690054116150E-016
 2.169237095542795E-015	 1.627503205017653E-016
 5.427474045276576E-016	 7.005234887846683E-016
 2.195648587613162E-016	-3.457675321787203E-016
-1.097978583572889E-015	 4.204817715836826E-016
-1.276257974735880E-015	 1.138757208581275E-015
-1.288036146503813E-015	-4.793352636092797E-016
 1.048140739386396E-015	 1.610148589743804E-015
 2.635883886507518E-016	-2.394888373170707E-015
-1.609316090385517E-016	-1.894321950749780E-015
-1.616098738225597E-016	-4.068944293934115E-016
-1.880072005654281E-015	 6.279826293431118E-016
-2.612072145673679E-016	-4.969689581190351E-016
-5.984985309667529E-016	 9.775182042932896E-016
 2.306606044344193E-016	 4.914393189205256E-016
 1.936023054561519E-015	-3.244261374039499E-016
-3.032581018807298E-015	-2.721828434409941E-016
-9.908479989674338E-016	-1.526914701757778E-015
-3.941809412355173E-016	 9.440824714327454E-016
-8.092951649276067E-017	 8.913120691831747E-016
-9.536429287746560E-016	 7.992259643841859E-017
-1.931776580674108E-016	 3.551932359943057E-015
-7.281796086187852E-016	-8.292933671341515E-016
 1.064574400130996E-015	 9.101763882520140E-016
 6.299738163960465E-016	-1.925509535849623E-016
-1.858984542558592E-015	-7.574909110146029E-016
-1.819821653087995E-015	-7.988776852474882E-016
 9.326833319125676E-018	 1.889815850576311E-015
 5.422759514440935E-016	-1.175115361418147E-015
 2.086704155141807E-015	-1.216460862037042E-016
 1.341020286317754E-015	 8.029578793813201E-016
-1.358589272650078E-015	 9.404273316633127E-017
-7.098201363722006E-016	-3.486677938681832E-016
 3.614814038961643E-016	-2.515858034196514E-015
 6.511539904096158E-016	-1.360110146251834E-015
-1.502387201756105E-015	-8.863642273082247E-016
-1.443626777947051E-015	 8.151039987535032E-016
 1.592870294517122E-016	 7.605531859263279E-016
-3.235308042858240E-015	-1.405828308441317E-015
-1.859023734309645E-015	-4.879165231153988E-017
-4.646930199664388E-016	-2.094601904273910E-015
-1.504665410837983E-016	-5.192148606927792E-017
-1.062549933272819E-015	-4.407238315251735E-016
 4.339867916623352E-016	-9.765203715714282E-016
-9.238917903137292E-016	 1.184729258985573E-016
-3.643048408820683E-016	-1.003190221981136E-016
-2.254464068145550E-016	 6.498053903368270E-016
-6.567391796794174E-016	-1.255240670742548E-015
 1.743811262218815E-015	-4.845308661185175E-016
-3.851925946839987E-016	-4.380761171769721E-016
 2.337534882580892E-015	-7.902141628516532E-016
 3.388303784276085E-016	-6.239068989598807E-016
-7.763102809547146E-017	-9.522052544628106E-016
-8.943500812274346E-016	 1.242033328839809E-016
-1.998244030640556E-015	-1.602783894106901E-015
-1.960271537605568E-016	-2.224720432481141E-015
 1.515376829851230E-015	-7.611411551336629E-016
 8.466617197295857E-017	-3.779936467230018E-017
-4.611713422907828E-016	-9.587847752218473E-016
 1.134701643097600E-015	-2.720897783561065E-015
 3.199987247180535E-015	 2.593574638647742E-016
 1.127364108254530E-015	 1.275673668284079E-015
 2.767177043277688E-015	 1.660276167578237E-015
-5.190338813727907E-016	-9.528027377752554E-016
 3.733909105784474E-016	-4.977140360606943E-017
-1.003801085346599E-015	-4.240649067215667E-016
 4.952557865691440E-016	-3.761490481116600E-016
 6.862859761878666E-016	 1.688379926202661E-015
 1.100283969166879E-015	-1.485437154487829E-015
 5.940785782997100E-016	-2.011333513294306E-015
-7.882933375726818E-016	 2.901855094893482E-016
 2.398105021826715E-016	-4.283133859752093E-016
-9.640612115211415E-016	 1.726255694969107E-015
-1.983885915972103E-016	 2.907105782777950E-016
-1.851963487205244E-015	-1.286723300671817E-015
-1.430395057284936E-015	-5.731764922568164E-016
 1.035818648967526E-015	 4.201198197710623E-016
-7.439595809602192E-016	-5.176854130501771E-016
-7.919291400724603E-016	 9.370600470283212E-016
-1.595470676915245E-016	 2.333255905000077E-015
 1.595212437694121E-015	-1.882567120139522E-017
 2.896520819610726E-016	-1.619507570653393E-015
-5.459787834720323E-016	-7.028292262865950E-016
 1.583375305209676E-015	 2.965635849048683E-016
 5.128778584510148E-016	 1.192977571117962E-015
 1.187102371519094E-016	-8.736177486824081E-017
 6.246679747899108E-016	 7.797299605167565E-018
-5.995018851460329E-016	-6.223415153833740E-016
-3.606406891910939E-016	-3.183927177132749E-016
-1.355706168310569E-015	-9.243038049948824E-016
-3.667581286601853E-016	-4.062347033855643E-016
-1.852302924832251E-016	-7.974548897284616E-016
-2.041509063116656E-015	-2.124272402995178E-015
-1.904960187056432E-015	 7.692115373993142E-016
-1.171473920676369E-016	 5.809821235015425E-016
-2.394749716327761E-015	 3.284211043494662E-017
 7.669263014490758E-016	-1.894205539415925E-015
 1.218440373342151E-016	 1.993648661197170E-015
-8.148181274012795E-016	-1.491337124938637E-015
-3.293096909266384E-015	-1.195492810666461E-015
 7.426041643837473E-016	-9.614957123408514E-016
-1.897550928662098E-015	-8.406817993455500E-016
-2.531134755887436E-016	 7.043903597284705E-016
 6.790702130447894E-016	-1.205254910812812E-015
 5.321821387839330E-016	 6.289192093809784E-016
 4.737509415466362E-016	 1.747478151785197E-016
-1.107773923168568E-015	-6.033831929140025E-016
 4.545341655901827E-016	-3.065062707091478E-015
-5.849944518555328E-016	-2.743862982407458E-016
 6.277552347561669E-016	 3.965341315791340E-016
 1.099207154147616E-015	-2.121879607862252E-016
 2.724703703620159E-016	 6.493210526330663E-016
 5.178078067881898E-016	 1.914271750073598E-015
 7.659604310510750E-016	 8.041403452331341E-016
 2.950968338190617E-017	-3.560008120041745E-017
 4.857052070065169E-016	 6.701493060382571E-016
 3.823395055832845E-016	-7.269354036791152E-016
 1.315320027860309E-016	 2.167295411177485E-016
 5.035595601947512E-016	-1.346543984081353E-015
-5.265146215105615E-016	-1.109858504336154E-015
-1.104571658948456E-016	 5.254514287616497E-016
 1.307620772739201E-016	 2.642887832538560E-015
 1.034567529354478E-015	-6.591227341958365E-016
-1.875053605133023E-015	 1.405241671101391E-015
-1.509429335679705E-015	 8.784398982402274E-016
 1.848278955002051E-015	 3.323577984726375E-016
-1.650831414556148E-015	-1.431690913989467E-015
 1.062583769123844E-015	 1.310665158762325E-015
 2.277552055955096E-015	-1.503330649754099E-016
 1.736496074678771E-015	 1.382301979645043E-015
 3.789706460678239E-015	-2.388632269945038E-015
-5.430312046124599E-016	 9.217765250974391E-016
 1.602915859227930E-015	-3.520184800033984E-016
 1.032109129124886E-016	 2.124831768605646E-015
-7.697368614398789E-016	 1.379758020679412E-015
-3.894320974110673E-016	 4.820092623871817E-016
-9.159635057057723E-016	-1.335216282258296E-015
-5.887498376544435E-016	-7.379204921334826E-017
 7.281564307498632E-016	-2.341410766308904E-015
-3.071664250280122E-017	 2.596772897424062E-016
-1.959392219229152E-015	-1.696021419784433E-015
-2.011150408353804E-015	-8.231940094591112E-016
-3.211632091071638E-015	 2.638113169380480E-015
-7.128053156057944E-016	-1.610822635820322E-015
-7.037966180272212E-017	-1.494760029337120E-015
-2.727546910716165E-016	-1.521199057658439E-015
-4.693380362216583E-016	 1.437703703483223E-015
-1.664952502256838E-015	 1.107641340628345E-015
-4.405325860722908E-016	 1.627796292457404E-015
 2.409775674125426E-015	 8.667764156831268E-016
-2.264147050294145E-015	-7.940724207165626E-016
 1.010303570479959E-015	-3.618785955564644E-016
-4.307489314254813E-016	 2.433646379042513E-015
 9.506788448741472E-016	 6.953184824769439E-016
 1.331465351953760E-015	-4.507493824142317E-016
-3.438667969515313E-016	-7.054355573767167E-016
 2.032665778247757E-015	-1.465226431258273E-015
-5.957648941049874E-016	-6.913563047449766E-016
-1.937271749842313E-017	 1.256826169990193E-016
-1.447946135138176E-016	-9.175810708832412E-016
-7.407693176424478E-016	 4.408208157025235E-016
 8.960217262756094E-016	-1.902117576831692E-016
 6.862108450690042E-017	 2.650923519821595E-015
 1.149465799885676E-015	 4.712185497638035E-016
-3.943365382068661E-016	 1.135150693658269E-015
 6.248003637009381E-016	-2.959162697399410E-016
-1.390641143742713E-015	 3.689434810555176E-016
 1.041577945973585E-015	-1.120315813250995E-015
 2.475070388523523E-015	 2.517574402905572E-015
-2.038221412860293E-015	-2.375014685592844E-015
-6.881095210675620E-017	-9.502158554274249E-017
-9.346257881180373E-016	-2.434604582994545E-015
-2.628539537536891E-015	 1.752444589549761E-015
-6.274107531182352E-016	 8.405968072733422E-016
-1.641971538858120E-015	-1.543202432767671E-015
 2.293139603870111E-015	 1.287095726377347E-015
-1.309511082086900E-015	-2.988696778566528E-016
 2.156621593500500E-015	-2.647424116485224E-015
 6.871117774155502E-016	 1.603574850523255E-015
-5.257554812501976E-015	 4.019421175530996E-015
 7.701162697251331E-015	-1.119627976956892E-014
 2.348465847153486E-015	 1.967681326042007E-014
-2.264645809794991E-014	-1.408102080377850E-014
 4.309437854870678E-014	-3.323986490403347E-014
-1.964533351032983E-014	 1.164241783369042E-013
-7.687359796972395E-014	-1.697354576688423E-013
 2.239580438391199E-013	 8.610917646802276E-014
-2.717965411570640E-013	 2.816869684002733E-013
-1.597305534797565E-013	-9.218309938196345E-013
 1.284536038249086E-012	 1.277387318413015E-012
-2.526137878902913E-012	-2.508420605029212E-013
 1.727159035973127E-012	-2.754415366490710E-012
 3.060072273313963E-012	 6.210390271678862E-012
-1.390216528824445E-011	-6.060021238071689E-012
 2.486374266641956E-011	-4.847666473585897E-012
-1.622679452056422E-011	 2.820657641994452E-011
-3.726861327674951E-011	-4.232840711173052E-011
 1.288121212483084E-010	 1.834158275112946E-012
-1.825660900257919E-010	 1.218150241965281E-010
 1.002341255175507E-010	-2.994404068660619E-010
 2.986788272146853E-010	 3.336148551345715E-010
-9.866093303841397E-010	 2.804288093732015E-010
 1.224621836995032E-009	-1.746599687370243E-009
 1.550285585893778E-010	 3.205649143405609E-009
-3.178549200374767E-009	-1.930834060932841E-009
 6.332302835552303E-009	-2.806118104013678E-009
-4.827171417995744E-009	 1.647396866929656E-008
-1.088871054177020E-008	-3.040748549415601E-008
 3.869154906561680E-008	 1.830229417747365E-008
-4.313030453026877E-008	 4.370411017786692E-008
-1.521435301591003E-008	-1.325292675320321E-007
 1.596290830821123E-007	 1.822382054760911E-007
-4.181841177581826E-007	-1.095576882436668E-007
 4.369208546936996E-007	-3.702344521906781E-007
 4.515519541779033E-007	 1.046068765145295E-006
-2.132797414948543E-006	-1.029691957380360E-006
 3.838617687930981E-006	-8.489937043768364E-007
-2.047577387850789E-006	 3.714048927063085E-006
-1.596744851477148E-006	-7.309739627249238E-006
 1.957125300179115E-005	 3.277387829069058E-006
-3.472697708846194E-005	 1.908987832542778E-005
 1.673849347137014E-005	-5.431576921240665E-005
 5.463007290451322E-005	 3.870616619333632E-005
-1.203955396887349E-004	 2.603361767849845E-005
 1.764667279300683E-004	-1.535152518887271E-004
-1.206997420472243E-004	 6.250039089805784E-004
-5.716337993406824E-004	-5.843748780281729E-004
 1.049940338405789E-003	-8.332750364319810E-004
-6.936691164867647E-004	 2.113914415153828E-003
-1.363627085419485E-003	-4.075837323949145E-003
 4.368158328439870E-003	 3.120968018218830E-003
-1.213951206679055E-002	-7.275103839600617E-004
-2.223200769600963E-003	-2.723435074611174E-002
 2.502820434366562E-002	 3.282420415740982E-002
-7.614298265204698E-002	-1.506558582321897E-002
 4.695587100949499E-002	-6.885632283087563E-002
 3.737247486037742E-002	 1.201491166520524E-001
-1.349281859872450E-001	-1.973652530419783E-001
 9.805413231043342E-001	 6.046428701035538E-002
-8.111952528483629E-001	 1.106187490443870E+000
-1.896571857632796E+000	-1.002681756811201E+000
 2.451698943353767E+000	-5.066254411046834E-001
-2.680749881728783E+000	 2.036131399485108E+000
 3.905418271934500E+000	-4.200849891586254E+000
-1.379647385862287E+000	 2.570082251374752E+001
-4.837550014519459E+001	 4.103706080259398E+001
-8.614762092933034E+000	-2.627244505447104E+001
 1.607523676506173E+001	 2.036579527551623E+001
-2.486922493273990E+001	-1.223705256580818E+001
 5.224323288177340E+001	-7.247602923471654E+000
-1.006771746810984E+002	 1.749569063978974E+002
