 2.320000000000000E-001	 2.900000000000000E-001	 4.490000000000000E-001	 6.500000000000000E-001	 4.630000000000000E-001	 5.180000000000000E-001	 6.510000000000000E-001	 8.790000000000000E-001	 2.500000000000000E-001	 
 3.140000000000000E-001	 4.080000000000000E-001	 5.290000000000000E-001	 8.880000000000000E-001	 6.420000000000000E-001	 6.760000000000000E-001	 8.740000000000000E-001	 1.273000000000000E+000	 3.450000000000000E-001	 
 4.220000000000000E-001	 5.550000000000000E-001	 7.690000000000000E-001	 1.287000000000000E+000	 8.910000000000000E-001	 9.520000000000000E-001	 1.202000000000000E+000	 1.796000000000000E+000	 4.540000000000000E-001	 
 5.760000000000000E-001	 7.550000000000000E-001	 9.820000000000000E-001	 1.657000000000000E+000	 1.214000000000000E+000	 1.309000000000000E+000	 1.602000000000000E+000	 2.345000000000000E+000	 6.150000000000000E-001	 
 7.840000000000000E-001	 1.039000000000000E+000	 1.336000000000000E+000	 2.206000000000000E+000	 1.593000000000000E+000	 1.740000000000000E+000	 2.124000000000000E+000	 3.055000000000000E+000	 8.460000000000000E-001	 
 1.090000000000000E+000	 1.400000000000000E+000	 1.825000000000000E+000	 2.953000000000000E+000	 2.160000000000000E+000	 2.384000000000000E+000	 2.940000000000000E+000	 4.160000000000000E+000	 1.194000000000000E+000	 
 1.496000000000000E+000	 1.874000000000000E+000	 2.584000000000000E+000	 4.093000000000000E+000	 2.845000000000000E+000	 3.165000000000000E+000	 3.979000000000000E+000	 5.565000000000000E+000	 1.567000000000000E+000	 
 1.994000000000000E+000	 2.548000000000000E+000	 3.480000000000000E+000	 5.416000000000000E+000	 4.081000000000000E+000	 4.357000000000000E+000	 5.447000000000000E+000	 7.617000000000000E+000	 2.117000000000000E+000	 
 2.724000000000000E+000	 3.451000000000000E+000	 4.662000000000000E+000	 7.513000000000000E+000	 5.268000000000000E+000	 5.974000000000000E+000	 7.175000000000000E+000	 1.021700000000000E+001	 2.898000000000000E+000	 
 3.717000000000000E+000	 4.729000000000000E+000	 6.380000000000000E+000	 1.014600000000000E+001	 7.341000000000000E+000	 8.172000000000001E+000	 9.956000000000000E+000	 1.436300000000000E+001	 3.766000000000000E+000	 
 4.924000000000000E+000	 6.204000000000000E+000	 8.535000000000000E+000	 1.436400000000000E+001	 9.786000000000000E+000	 1.053900000000000E+001	 1.273500000000000E+001	 1.955500000000000E+001	 5.010000000000000E+000	 
 6.724000000000000E+000	 8.923999999999999E+000	 1.138500000000000E+001	 2.011600000000000E+001	 1.322300000000000E+001	 1.468900000000000E+001	 1.780900000000000E+001	 2.613300000000000E+001	 7.524000000000000E+000	 
 9.401999999999999E+000	 1.165100000000000E+001	 1.655400000000000E+001	 2.781700000000000E+001	 1.824900000000000E+001	 1.997200000000000E+001	 2.405000000000000E+001	 3.733900000000000E+001	 1.000500000000000E+001	 
 1.262900000000000E+001	 1.623200000000000E+001	 2.100000000000000E+001	 3.625500000000000E+001	 2.348400000000000E+001	 2.628700000000000E+001	 3.353200000000000E+001	 4.691600000000000E+001	 1.325400000000000E+001	 
 1.674700000000000E+001	 2.163500000000000E+001	 3.070400000000000E+001	 5.023700000000000E+001	 3.457800000000000E+001	 3.720600000000000E+001	 4.372100000000000E+001	 6.902400000000000E+001	 1.761900000000000E+001	 
 2.232200000000000E+001	 2.978900000000000E+001	 3.953100000000000E+001	 6.444499999999999E+001	 4.500600000000000E+001	 4.973300000000000E+001	 6.047600000000000E+001	 9.240200000000000E+001	 2.565700000000000E+001	 
 
