 7.451328460035861E-002	 4.675017490294565E-003	                    NaN	                    NaN	 7.338846489563818E-002	 1.724639681557372E-001	                    NaN	                    NaN	 9.189242983592440E-003	 
 3.628140396344855E-002	 1.134065165973691E-003	                    NaN	                    NaN	 5.241451590555007E-002	 6.094313756173187E-002	                    NaN	                    NaN	 3.040580124078269E-003	 
 1.623389542963165E-002	 2.044476586619021E-004	 3.870418333811983E-004	                    NaN	 3.286025995255501E-002	 1.820010042765526E-002	 2.316021026962492E-002	                    NaN	 8.546130912722291E-004	 
 6.568835338163162E-003	 7.341330007908800E-005	 1.452846474053309E-005	                    NaN	 1.979594089478982E-002	 3.513003186132636E-003	 1.629123540228743E-003	                    NaN	 2.234309525874800E-004	 
 2.383632716616327E-003	 8.146431846103068E-006	 1.851987607723010E-007	                    NaN	 1.117322861704521E-002	 7.441575585621656E-004	 3.669766859348382E-004	                    NaN	 5.579609549496054E-005	 
 8.197394010895522E-004	 1.853439442227147E-006	 9.695759105320924E-009	                    NaN	 5.916694131885182E-003	 1.923354741596032E-004	 2.445401286761724E-004	                    NaN	 1.398839802438481E-005	 
 2.422550313609374E-004	 1.511860785593631E-007	 8.468022940944693E-010	 7.807425186802328E-006	 2.908020285352977E-003	 3.753900483800908E-005	 3.441979333740476E-004	 2.008216564580835E-004	 3.593135379522663E-006	 
 6.933249807595053E-005	 2.881346465332969E-008	 5.050355438073342E-011	 3.675206309439623E-008	 1.307460875824087E-003	 2.921812655291190E-005	 7.225791052516601E-004	 2.621299737513527E-004	 8.061186389408816E-007	 
 1.928719405955827E-005	 3.186273953654747E-009	 1.650116487533545E-011	 2.043047273219057E-011	 5.394608415755612E-004	 8.238338002394892E-006	 3.093946179807565E-003	 4.733144061572114E-004	 1.935493781159867E-007	 
 4.805198060557029E-006	 6.570870499582346E-010	 1.674113974825443E-011	 1.835789565933979E-011	 2.022877354005368E-004	 1.997206544773697E-006	 2.058463103857535E-002	 1.464016470999594E-003	 4.699134060240964E-008	 
 1.177435583529539E-006	 1.388582764470240E-010	 1.579450082017776E-011	 1.770028905650293E-011	 6.935715582895550E-005	 8.519039052240820E-007	 5.017236366417001E-001	 1.267231278495259E-002	 1.224245121791437E-008	 
 2.860035197095299E-007	 2.157733806882691E-011	 1.443634526055773E-011	 1.696278008594907E-011	 2.184103265914097E-005	 1.692269339527171E-007	                    NaN	 1.841442609764213E-001	 3.275849319414117E-009	 
 7.005404306947308E-008	 5.401272013839240E-012	 1.102944593991927E-011	 1.593846371171389E-011	 6.368786304058913E-006	 4.603613579077655E-008	                    NaN	                    NaN	 9.197232120281295E-010	 
 1.732476168359579E-008	 3.805888176531058E-012	 1.068230571796892E-011	 1.449845943973254E-011	 1.740009096144870E-006	 1.582864095622004E-008	                    NaN	                    NaN	 2.490984151773707E-010	 
 4.447797372016349E-009	 1.377805083286044E-011	 7.123288611411552E-012	 1.279420083139236E-011	 4.512718584360014E-007	 2.089084958849343E-009	                    NaN	                    NaN	 1.325598769437180E-010	 
 1.190446324713829E-009	 1.455880514022514E-011	 3.481240857530063E-012	 9.719929697669791E-012	 1.127162409980871E-007	 4.185881393090444E-010	                    NaN	                    NaN	 1.038456219531933E-010	 
 
