 1.818913635335947E-002	 7.161972439135290E-002	 2.864788975654116E-001	 1.145915590261646E+000	 1.818913635335947E-002	 7.161972439135290E-002	 2.864788975654116E-001	 1.145915590261646E+000	 4.565400758014528E-003	 
 1.348135988543113E-002	 5.208707228462029E-002	 1.909859317102744E-001	 5.729577951308232E-001	 1.348135988543113E-002	 5.208707228462029E-002	 1.909859317102744E-001	 5.729577951308232E-001	 3.370339971357784E-003	 
 9.878582674669366E-003	 3.951433069867746E-002	 1.432394487827058E-001	 5.729577951308232E-001	 9.878582674669366E-003	 3.951433069867746E-002	 1.432394487827058E-001	 5.729577951308232E-001	 2.480336775458109E-003	 
 7.298825415679277E-003	 2.864788975654116E-002	 1.145915590261646E-001	 3.819718634205488E-001	 7.298825415679277E-003	 2.864788975654116E-002	 1.145915590261646E-001	 3.819718634205488E-001	 1.824706353919819E-003	 
 5.354745748886198E-003	 2.122065907891938E-002	 8.185111359011761E-002	 2.864788975654116E-001	 5.354745748886198E-003	 2.122065907891938E-002	 8.185111359011761E-002	 2.864788975654116E-001	 1.341821534264223E-003	 
 3.937854262067514E-003	 1.569747383920064E-002	 6.031134685587613E-002	 2.291831180523293E-001	 3.937854262067514E-003	 1.569747383920064E-002	 6.031134685587613E-002	 2.291831180523293E-001	 9.870073990195061E-004	 
 2.901052127244675E-003	 1.157490495213784E-002	 4.583662361046586E-002	 1.637022271802352E-001	 2.901052127244675E-003	 1.157490495213784E-002	 4.583662361046586E-002	 1.637022271802352E-001	 7.261822498489521E-004	 
 2.133921024695804E-003	 8.488263631567752E-003	 3.370339971357784E-002	 1.273239544735163E-001	 2.133921024695804E-003	 8.488263631567752E-003	 3.370339971357784E-002	 1.273239544735163E-001	 5.342263824063620E-004	 
 1.571900672512547E-003	 6.261833826566374E-003	 2.491120848394884E-002	 9.549296585513721E-002	 1.571900672512547E-003	 6.261833826566374E-003	 2.491120848394884E-002	 9.549296585513721E-002	 3.931099795065682E-004	 
 1.156322492695910E-003	 4.620627380087284E-003	 1.848250952034914E-002	 7.161972439135290E-002	 1.156322492695910E-003	 4.620627380087284E-003	 1.848250952034914E-002	 7.161972439135290E-002	 2.891535680700597E-004	 
 8.507168450346299E-004	 3.400342997809040E-003	 1.348135988543113E-002	 5.208707228462029E-002	 8.507168450346299E-004	 3.400342997809040E-003	 1.348135988543113E-002	 5.208707228462029E-002	 2.127186913424256E-004	 
 6.258413928244929E-004	 2.501999105374774E-003	 9.964483393579535E-003	 3.951433069867746E-002	 6.258413928244929E-004	 2.501999105374774E-003	 9.964483393579535E-003	 3.951433069867746E-002	 1.565030852583511E-004	 
 4.603919607318789E-004	 1.839350867193654E-003	 7.345612758087477E-003	 2.938245103234991E-002	 4.603919607318789E-004	 1.839350867193654E-003	 7.345612758087477E-003	 2.938245103234991E-002	 1.151326826345470E-004	 
 3.387276353123400E-004	 1.354510153973577E-003	 5.405262218215313E-003	 2.162104887286125E-002	 3.387276353123400E-004	 1.354510153973577E-003	 5.405262218215313E-003	 2.162104887286125E-002	 8.469442647905739E-005	 
 2.492204415532072E-004	 9.964483393579535E-004	 3.978873577297383E-003	 1.591549430918953E-002	 2.492204415532072E-004	 9.964483393579535E-004	 3.978873577297383E-003	 1.591549430918953E-002	 6.230511038830179E-005	 
 1.833464944418634E-004	 7.331513693292684E-004	 2.930730409876334E-003	 1.169301622715966E-002	 1.833464944418634E-004	 7.331513693292684E-004	 2.930730409876334E-003	 1.169301622715966E-002	 4.583662361046586E-005	 
 
