 8.999999999999999E-003	 1.100000000000000E-002	 1.600000000000000E-002	 2.400000000000000E-002	 2.100000000000000E-002	 2.300000000000000E-002	 2.700000000000000E-002	 3.900000000000000E-002	 1.000000000000000E-002	 
 1.300000000000000E-002	 1.700000000000000E-002	 2.300000000000000E-002	 4.700000000000000E-002	 2.900000000000000E-002	 3.000000000000000E-002	 4.000000000000000E-002	 7.700000000000000E-002	 1.300000000000000E-002	 
 1.700000000000000E-002	 2.200000000000000E-002	 3.200000000000000E-002	 4.700000000000000E-002	 3.900000000000000E-002	 4.100000000000000E-002	 5.300000000000000E-002	 8.500000000000001E-002	 1.900000000000000E-002	 
 2.300000000000000E-002	 3.000000000000000E-002	 4.100000000000000E-002	 7.099999999999999E-002	 5.800000000000000E-002	 5.700000000000000E-002	 6.600000000000000E-002	 1.210000000000000E-001	 2.400000000000000E-002	 
 3.600000000000000E-002	 4.000000000000000E-002	 5.400000000000000E-002	 9.400000000000000E-002	 6.700000000000000E-002	 8.400000000000001E-002	 9.400000000000000E-002	 1.600000000000000E-001	 3.400000000000000E-002	 
 4.300000000000000E-002	 5.300000000000000E-002	 7.800000000000000E-002	 1.200000000000000E-001	 9.200000000000000E-002	 1.030000000000000E-001	 1.430000000000000E-001	 1.960000000000000E-001	 4.600000000000000E-002	 
 5.900000000000000E-002	 7.500000000000000E-002	 1.010000000000000E-001	 1.670000000000000E-001	 1.270000000000000E-001	 1.430000000000000E-001	 1.760000000000000E-001	 2.720000000000000E-001	 6.500000000000000E-002	 
 8.799999999999999E-002	 1.000000000000000E-001	 1.360000000000000E-001	 2.320000000000000E-001	 1.780000000000000E-001	 1.930000000000000E-001	 2.250000000000000E-001	 3.480000000000000E-001	 8.400000000000001E-002	 
 1.070000000000000E-001	 1.430000000000000E-001	 1.810000000000000E-001	 2.960000000000000E-001	 2.420000000000000E-001	 2.570000000000000E-001	 3.180000000000000E-001	 4.700000000000000E-001	 1.300000000000000E-001	 
 1.460000000000000E-001	 1.880000000000000E-001	 2.460000000000000E-001	 3.920000000000000E-001	 3.300000000000000E-001	 3.500000000000000E-001	 4.450000000000000E-001	 6.300000000000000E-001	 1.580000000000000E-001	 
 1.970000000000000E-001	 2.530000000000000E-001	 3.380000000000000E-001	 5.500000000000000E-001	 4.480000000000000E-001	 4.770000000000000E-001	 5.770000000000000E-001	 8.530000000000000E-001	 2.200000000000000E-001	 
 2.740000000000000E-001	 3.480000000000000E-001	 4.580000000000000E-001	 6.919999999999999E-001	 6.160000000000000E-001	 6.500000000000000E-001	 7.990000000000000E-001	 1.135000000000000E+000	 2.940000000000000E-001	 
 3.700000000000000E-001	 4.720000000000000E-001	 6.190000000000000E-001	 9.260000000000000E-001	 8.330000000000000E-001	 8.900000000000000E-001	 1.054000000000000E+000	 1.566000000000000E+000	 3.980000000000000E-001	 
 5.140000000000000E-001	 6.250000000000000E-001	 8.370000000000000E-001	 1.295000000000000E+000	 1.111000000000000E+000	 1.225000000000000E+000	 1.431000000000000E+000	 2.116000000000000E+000	 5.370000000000000E-001	 
 7.240000000000000E-001	 8.780000000000000E-001	 1.136000000000000E+000	 1.768000000000000E+000	 1.452000000000000E+000	 1.606000000000000E+000	 1.932000000000000E+000	 2.842000000000000E+000	 7.330000000000000E-001	 
 9.500000000000000E-001	 1.156000000000000E+000	 1.548000000000000E+000	 2.395000000000000E+000	 1.951000000000000E+000	 2.238000000000000E+000	 2.639000000000000E+000	 3.828000000000000E+000	 9.870000000000000E-001	 
 
